{"o":30.39,"c":30.39,"h":30.39,"l":30.39,"v":1.0,"Time":"2020-11-23T21:25:00Z","Interval":"5min","Figi":"BBG000BKYDP9"}
{"o":30.39,"c":30.39,"h":30.39,"l":30.39,"v":1.0,"Time":"2020-11-23T21:25:00Z","Interval":"5min","Figi":"BBG000BKYDP9"}
{"o":30.39,"c":30.39,"h":30.39,"l":30.39,"v":1.0,"Time":"2020-11-23T21:25:00Z","Interval":"5min","Figi":"BBG000BKYDP9"}
{"o":30.39,"c":30.39,"h":30.39,"l":30.39,"v":1.0,"Time":"2020-11-23T21:25:00Z","Interval":"5min","Figi":"BBG000BKYDP9"}
{"o":30.51,"c":30.51,"h":30.51,"l":30.51,"v":1.0,"Time":"2020-11-24T09:05:00Z","Interval":"5min","Figi":"BBG000BKYDP9"}
{"o":30.51,"c":30.51,"h":30.51,"l":30.51,"v":1.0,"Time":"2020-11-24T09:05:00Z","Interval":"5min","Figi":"BBG000BKYDP9"}
{"o":30.51,"c":30.51,"h":30.51,"l":30.51,"v":1.0,"Time":"2020-11-24T09:05:00Z","Interval":"5min","Figi":"BBG000BKYDP9"}
{"o":30.51,"c":30.51,"h":30.51,"l":30.51,"v":1.0,"Time":"2020-11-24T09:05:00Z","Interval":"5min","Figi":"BBG000BKYDP9"}
{"o":30.51,"c":30.51,"h":30.51,"l":30.51,"v":1.0,"Time":"2020-11-24T09:05:00Z","Interval":"5min","Figi":"BBG000BKYDP9"}
{"o":30.5,"c":30.5,"h":30.5,"l":30.5,"v":1.0,"Time":"2020-11-24T12:10:00Z","Interval":"5min","Figi":"BBG000BKYDP9"}
{"o":30.5,"c":30.5,"h":30.5,"l":30.5,"v":1.0,"Time":"2020-11-24T12:10:00Z","Interval":"5min","Figi":"BBG000BKYDP9"}
{"o":30.5,"c":30.5,"h":30.5,"l":30.5,"v":1.0,"Time":"2020-11-24T12:10:00Z","Interval":"5min","Figi":"BBG000BKYDP9"}
{"o":30.5,"c":30.5,"h":30.5,"l":30.5,"v":1.0,"Time":"2020-11-24T12:10:00Z","Interval":"5min","Figi":"BBG000BKYDP9"}
{"o":30.93,"c":30.93,"h":30.93,"l":30.93,"v":300.0,"Time":"2020-11-24T14:25:00Z","Interval":"5min","Figi":"BBG000BKYDP9"}
{"o":30.93,"c":30.93,"h":30.93,"l":30.93,"v":700.0,"Time":"2020-11-24T14:25:00Z","Interval":"5min","Figi":"BBG000BKYDP9"}
{"o":30.93,"c":30.93,"h":30.93,"l":30.93,"v":1019.0,"Time":"2020-11-24T14:25:00Z","Interval":"5min","Figi":"BBG000BKYDP9"}
{"o":30.99,"c":30.99,"h":30.99,"l":30.99,"v":25.0,"Time":"2020-11-24T14:30:00Z","Interval":"5min","Figi":"BBG000BKYDP9"}
{"o":30.99,"c":30.82,"h":30.99,"l":30.82,"v":30.0,"Time":"2020-11-24T14:30:00Z","Interval":"5min","Figi":"BBG000BKYDP9"}
{"o":30.99,"c":30.85,"h":30.99,"l":30.82,"v":31.0,"Time":"2020-11-24T14:30:00Z","Interval":"5min","Figi":"BBG000BKYDP9"}
{"o":30.99,"c":30.93,"h":30.99,"l":30.82,"v":32.0,"Time":"2020-11-24T14:30:00Z","Interval":"5min","Figi":"BBG000BKYDP9"}
{"o":30.99,"c":30.98,"h":30.99,"l":30.82,"v":35.0,"Time":"2020-11-24T14:30:00Z","Interval":"5min","Figi":"BBG000BKYDP9"}
{"o":30.99,"c":31.0,"h":31.0,"l":30.82,"v":37.0,"Time":"2020-11-24T14:30:00Z","Interval":"5min","Figi":"BBG000BKYDP9"}
{"o":30.99,"c":31.05,"h":31.05,"l":30.82,"v":49.0,"Time":"2020-11-24T14:30:00Z","Interval":"5min","Figi":"BBG000BKYDP9"}
{"o":30.99,"c":31.1,"h":31.1,"l":30.82,"v":115.0,"Time":"2020-11-24T14:30:00Z","Interval":"5min","Figi":"BBG000BKYDP9"}
{"o":30.99,"c":31.1,"h":31.1,"l":30.82,"v":119.0,"Time":"2020-11-24T14:30:00Z","Interval":"5min","Figi":"BBG000BKYDP9"}
{"o":30.99,"c":31.12,"h":31.12,"l":30.82,"v":219.0,"Time":"2020-11-24T14:30:00Z","Interval":"5min","Figi":"BBG000BKYDP9"}
{"o":30.99,"c":31.09,"h":31.12,"l":30.82,"v":319.0,"Time":"2020-11-24T14:30:00Z","Interval":"5min","Figi":"BBG000BKYDP9"}
{"o":30.99,"c":31.08,"h":31.12,"l":30.82,"v":419.0,"Time":"2020-11-24T14:30:00Z","Interval":"5min","Figi":"BBG000BKYDP9"}
{"o":30.99,"c":31.08,"h":31.12,"l":30.82,"v":424.0,"Time":"2020-11-24T14:30:00Z","Interval":"5min","Figi":"BBG000BKYDP9"}
{"o":30.99,"c":31.08,"h":31.12,"l":30.82,"v":426.0,"Time":"2020-11-24T14:30:00Z","Interval":"5min","Figi":"BBG000BKYDP9"}
{"o":30.99,"c":31.08,"h":31.12,"l":30.82,"v":476.0,"Time":"2020-11-24T14:30:00Z","Interval":"5min","Figi":"BBG000BKYDP9"}
{"o":30.99,"c":31.08,"h":31.12,"l":30.82,"v":526.0,"Time":"2020-11-24T14:30:00Z","Interval":"5min","Figi":"BBG000BKYDP9"}
{"o":30.99,"c":31.11,"h":31.12,"l":30.82,"v":626.0,"Time":"2020-11-24T14:30:00Z","Interval":"5min","Figi":"BBG000BKYDP9"}
{"o":30.99,"c":31.12,"h":31.12,"l":30.82,"v":926.0,"Time":"2020-11-24T14:30:00Z","Interval":"5min","Figi":"BBG000BKYDP9"}
{"o":30.99,"c":31.09,"h":31.12,"l":30.82,"v":1026.0,"Time":"2020-11-24T14:30:00Z","Interval":"5min","Figi":"BBG000BKYDP9"}
{"o":30.99,"c":31.09,"h":31.12,"l":30.82,"v":1326.0,"Time":"2020-11-24T14:30:00Z","Interval":"5min","Figi":"BBG000BKYDP9"}
{"o":30.99,"c":31.07,"h":31.12,"l":30.82,"v":1366.0,"Time":"2020-11-24T14:30:00Z","Interval":"5min","Figi":"BBG000BKYDP9"}
{"o":30.99,"c":31.07,"h":31.12,"l":30.82,"v":1466.0,"Time":"2020-11-24T14:30:00Z","Interval":"5min","Figi":"BBG000BKYDP9"}
{"o":30.99,"c":31.07,"h":31.12,"l":30.82,"v":1726.0,"Time":"2020-11-24T14:30:00Z","Interval":"5min","Figi":"BBG000BKYDP9"}
{"o":30.99,"c":31.03,"h":31.12,"l":30.82,"v":1738.0,"Time":"2020-11-24T14:30:00Z","Interval":"5min","Figi":"BBG000BKYDP9"}
{"o":30.99,"c":31.03,"h":31.12,"l":30.82,"v":1756.0,"Time":"2020-11-24T14:30:00Z","Interval":"5min","Figi":"BBG000BKYDP9"}
{"o":30.99,"c":31.03,"h":31.12,"l":30.82,"v":1767.0,"Time":"2020-11-24T14:30:00Z","Interval":"5min","Figi":"BBG000BKYDP9"}
{"o":30.99,"c":31.03,"h":31.12,"l":30.82,"v":1841.0,"Time":"2020-11-24T14:30:00Z","Interval":"5min","Figi":"BBG000BKYDP9"}
{"o":30.99,"c":30.99,"h":31.12,"l":30.82,"v":2023.0,"Time":"2020-11-24T14:30:00Z","Interval":"5min","Figi":"BBG000BKYDP9"}
{"o":30.99,"c":30.96,"h":31.12,"l":30.82,"v":2123.0,"Time":"2020-11-24T14:30:00Z","Interval":"5min","Figi":"BBG000BKYDP9"}
{"o":30.99,"c":30.94,"h":31.12,"l":30.82,"v":2223.0,"Time":"2020-11-24T14:30:00Z","Interval":"5min","Figi":"BBG000BKYDP9"}
{"o":30.99,"c":30.96,"h":31.12,"l":30.82,"v":2323.0,"Time":"2020-11-24T14:30:00Z","Interval":"5min","Figi":"BBG000BKYDP9"}
{"o":30.99,"c":30.98,"h":31.12,"l":30.82,"v":2624.0,"Time":"2020-11-24T14:30:00Z","Interval":"5min","Figi":"BBG000BKYDP9"}
{"o":30.99,"c":31.03,"h":31.12,"l":30.82,"v":2955.0,"Time":"2020-11-24T14:30:00Z","Interval":"5min","Figi":"BBG000BKYDP9"}
{"o":30.99,"c":31.03,"h":31.12,"l":30.82,"v":3155.0,"Time":"2020-11-24T14:30:00Z","Interval":"5min","Figi":"BBG000BKYDP9"}
{"o":30.99,"c":31.04,"h":31.12,"l":30.82,"v":3355.0,"Time":"2020-11-24T14:30:00Z","Interval":"5min","Figi":"BBG000BKYDP9"}
{"o":30.99,"c":31.05,"h":31.12,"l":30.82,"v":4355.0,"Time":"2020-11-24T14:30:00Z","Interval":"5min","Figi":"BBG000BKYDP9"}
{"o":30.99,"c":31.08,"h":31.12,"l":30.82,"v":4455.0,"Time":"2020-11-24T14:30:00Z","Interval":"5min","Figi":"BBG000BKYDP9"}
{"o":30.99,"c":31.04,"h":31.12,"l":30.82,"v":4530.0,"Time":"2020-11-24T14:30:00Z","Interval":"5min","Figi":"BBG000BKYDP9"}
{"o":30.99,"c":31.04,"h":31.12,"l":30.82,"v":5005.0,"Time":"2020-11-24T14:30:00Z","Interval":"5min","Figi":"BBG000BKYDP9"}
{"o":30.99,"c":31.1,"h":31.12,"l":30.82,"v":5231.0,"Time":"2020-11-24T14:30:00Z","Interval":"5min","Figi":"BBG000BKYDP9"}
{"o":30.99,"c":31.1,"h":31.12,"l":30.82,"v":5397.0,"Time":"2020-11-24T14:30:00Z","Interval":"5min","Figi":"BBG000BKYDP9"}
{"o":30.99,"c":31.12,"h":31.12,"l":30.82,"v":5902.0,"Time":"2020-11-24T14:30:00Z","Interval":"5min","Figi":"BBG000BKYDP9"}
{"o":30.99,"c":31.09,"h":31.12,"l":30.82,"v":6302.0,"Time":"2020-11-24T14:30:00Z","Interval":"5min","Figi":"BBG000BKYDP9"}
{"o":30.99,"c":31.08,"h":31.12,"l":30.82,"v":6402.0,"Time":"2020-11-24T14:30:00Z","Interval":"5min","Figi":"BBG000BKYDP9"}
{"o":30.99,"c":31.02,"h":31.12,"l":30.82,"v":6602.0,"Time":"2020-11-24T14:30:00Z","Interval":"5min","Figi":"BBG000BKYDP9"}
{"o":30.99,"c":31.02,"h":31.12,"l":30.82,"v":7253.0,"Time":"2020-11-24T14:30:00Z","Interval":"5min","Figi":"BBG000BKYDP9"}
{"o":30.99,"c":31.02,"h":31.12,"l":30.82,"v":7403.0,"Time":"2020-11-24T14:30:00Z","Interval":"5min","Figi":"BBG000BKYDP9"}
{"o":30.99,"c":31.02,"h":31.12,"l":30.82,"v":7513.0,"Time":"2020-11-24T14:30:00Z","Interval":"5min","Figi":"BBG000BKYDP9"}
{"o":30.99,"c":30.99,"h":31.12,"l":30.82,"v":7613.0,"Time":"2020-11-24T14:30:00Z","Interval":"5min","Figi":"BBG000BKYDP9"}
{"o":30.99,"c":30.98,"h":31.12,"l":30.82,"v":7713.0,"Time":"2020-11-24T14:30:00Z","Interval":"5min","Figi":"BBG000BKYDP9"}
{"o":30.99,"c":30.98,"h":31.12,"l":30.82,"v":7813.0,"Time":"2020-11-24T14:30:00Z","Interval":"5min","Figi":"BBG000BKYDP9"}
{"o":30.99,"c":30.98,"h":31.12,"l":30.82,"v":7913.0,"Time":"2020-11-24T14:30:00Z","Interval":"5min","Figi":"BBG000BKYDP9"}
{"o":30.99,"c":30.96,"h":31.12,"l":30.82,"v":8038.0,"Time":"2020-11-24T14:30:00Z","Interval":"5min","Figi":"BBG000BKYDP9"}
{"o":30.99,"c":30.96,"h":31.12,"l":30.82,"v":8063.0,"Time":"2020-11-24T14:30:00Z","Interval":"5min","Figi":"BBG000BKYDP9"}
{"o":30.99,"c":30.92,"h":31.12,"l":30.82,"v":8213.0,"Time":"2020-11-24T14:30:00Z","Interval":"5min","Figi":"BBG000BKYDP9"}
{"o":30.99,"c":30.94,"h":31.12,"l":30.82,"v":8563.0,"Time":"2020-11-24T14:30:00Z","Interval":"5min","Figi":"BBG000BKYDP9"}
{"o":30.99,"c":30.94,"h":31.12,"l":30.82,"v":8863.0,"Time":"2020-11-24T14:30:00Z","Interval":"5min","Figi":"BBG000BKYDP9"}
{"o":30.99,"c":30.94,"h":31.12,"l":30.82,"v":8864.0,"Time":"2020-11-24T14:30:00Z","Interval":"5min","Figi":"BBG000BKYDP9"}
{"o":30.99,"c":30.94,"h":31.12,"l":30.82,"v":9064.0,"Time":"2020-11-24T14:30:00Z","Interval":"5min","Figi":"BBG000BKYDP9"}
{"o":30.99,"c":30.94,"h":31.12,"l":30.82,"v":9264.0,"Time":"2020-11-24T14:30:00Z","Interval":"5min","Figi":"BBG000BKYDP9"}
{"o":30.99,"c":30.95,"h":31.12,"l":30.82,"v":9464.0,"Time":"2020-11-24T14:30:00Z","Interval":"5min","Figi":"BBG000BKYDP9"}
{"o":30.95,"c":30.95,"h":30.95,"l":30.95,"v":400.0,"Time":"2020-11-24T14:35:00Z","Interval":"5min","Figi":"BBG000BKYDP9"}
{"o":30.95,"c":30.97,"h":30.97,"l":30.95,"v":500.0,"Time":"2020-11-24T14:35:00Z","Interval":"5min","Figi":"BBG000BKYDP9"}
{"o":30.95,"c":30.98,"h":30.98,"l":30.95,"v":505.0,"Time":"2020-11-24T14:35:00Z","Interval":"5min","Figi":"BBG000BKYDP9"}
{"o":30.95,"c":31.0,"h":31.0,"l":30.95,"v":605.0,"Time":"2020-11-24T14:35:00Z","Interval":"5min","Figi":"BBG000BKYDP9"}
{"o":30.95,"c":30.98,"h":31.0,"l":30.95,"v":1035.0,"Time":"2020-11-24T14:35:00Z","Interval":"5min","Figi":"BBG000BKYDP9"}
{"o":30.95,"c":30.98,"h":31.0,"l":30.95,"v":1135.0,"Time":"2020-11-24T14:35:00Z","Interval":"5min","Figi":"BBG000BKYDP9"}
{"o":30.95,"c":30.98,"h":31.0,"l":30.95,"v":1236.0,"Time":"2020-11-24T14:35:00Z","Interval":"5min","Figi":"BBG000BKYDP9"}
{"o":30.95,"c":30.99,"h":31.0,"l":30.95,"v":1336.0,"Time":"2020-11-24T14:35:00Z","Interval":"5min","Figi":"BBG000BKYDP9"}
{"o":30.95,"c":31.04,"h":31.04,"l":30.95,"v":1536.0,"Time":"2020-11-24T14:35:00Z","Interval":"5min","Figi":"BBG000BKYDP9"}
{"o":30.95,"c":31.04,"h":31.04,"l":30.95,"v":1736.0,"Time":"2020-11-24T14:35:00Z","Interval":"5min","Figi":"BBG000BKYDP9"}
{"o":30.95,"c":31.02,"h":31.04,"l":30.95,"v":1936.0,"Time":"2020-11-24T14:35:00Z","Interval":"5min","Figi":"BBG000BKYDP9"}
{"o":30.95,"c":31.02,"h":31.04,"l":30.95,"v":2064.0,"Time":"2020-11-24T14:35:00Z","Interval":"5min","Figi":"BBG000BKYDP9"}
{"o":30.95,"c":31.02,"h":31.04,"l":30.95,"v":2164.0,"Time":"2020-11-24T14:35:00Z","Interval":"5min","Figi":"BBG000BKYDP9"}
{"o":30.95,"c":31.01,"h":31.04,"l":30.95,"v":2264.0,"Time":"2020-11-24T14:35:00Z","Interval":"5min","Figi":"BBG000BKYDP9"}
{"o":30.95,"c":31.01,"h":31.04,"l":30.95,"v":2464.0,"Time":"2020-11-24T14:35:00Z","Interval":"5min","Figi":"BBG000BKYDP9"}
{"o":30.95,"c":31.01,"h":31.04,"l":30.95,"v":2664.0,"Time":"2020-11-24T14:35:00Z","Interval":"5min","Figi":"BBG000BKYDP9"}
{"o":30.95,"c":30.98,"h":31.04,"l":30.95,"v":3114.0,"Time":"2020-11-24T14:35:00Z","Interval":"5min","Figi":"BBG000BKYDP9"}
{"o":30.95,"c":30.98,"h":31.04,"l":30.95,"v":3359.0,"Time":"2020-11-24T14:35:00Z","Interval":"5min","Figi":"BBG000BKYDP9"}
{"o":30.95,"c":30.97,"h":31.04,"l":30.95,"v":3459.0,"Time":"2020-11-24T14:35:00Z","Interval":"5min","Figi":"BBG000BKYDP9"}
{"o":30.95,"c":30.97,"h":31.04,"l":30.95,"v":3559.0,"Time":"2020-11-24T14:35:00Z","Interval":"5min","Figi":"BBG000BKYDP9"}
{"o":30.95,"c":30.96,"h":31.04,"l":30.95,"v":4059.0,"Time":"2020-11-24T14:35:00Z","Interval":"5min","Figi":"BBG000BKYDP9"}
{"o":30.95,"c":30.94,"h":31.04,"l":30.94,"v":4101.0,"Time":"2020-11-24T14:35:00Z","Interval":"5min","Figi":"BBG000BKYDP9"}
{"o":30.95,"c":30.94,"h":31.04,"l":30.94,"v":4201.0,"Time":"2020-11-24T14:35:00Z","Interval":"5min","Figi":"BBG000BKYDP9"}
{"o":30.95,"c":30.94,"h":31.04,"l":30.94,"v":4459.0,"Time":"2020-11-24T14:35:00Z","Interval":"5min","Figi":"BBG000BKYDP9"}
{"o":30.95,"c":30.93,"h":31.04,"l":30.93,"v":4659.0,"Time":"2020-11-24T14:35:00Z","Interval":"5min","Figi":"BBG000BKYDP9"}
{"o":30.95,"c":30.94,"h":31.04,"l":30.93,"v":4759.0,"Time":"2020-11-24T14:35:00Z","Interval":"5min","Figi":"BBG000BKYDP9"}
{"o":30.95,"c":30.96,"h":31.04,"l":30.93,"v":4959.0,"Time":"2020-11-24T14:35:00Z","Interval":"5min","Figi":"BBG000BKYDP9"}
{"o":30.95,"c":30.97,"h":31.04,"l":30.93,"v":5409.0,"Time":"2020-11-24T14:35:00Z","Interval":"5min","Figi":"BBG000BKYDP9"}
{"o":30.95,"c":30.97,"h":31.04,"l":30.93,"v":5709.0,"Time":"2020-11-24T14:35:00Z","Interval":"5min","Figi":"BBG000BKYDP9"}
{"o":30.95,"c":30.98,"h":31.04,"l":30.93,"v":5714.0,"Time":"2020-11-24T14:35:00Z","Interval":"5min","Figi":"BBG000BKYDP9"}
{"o":30.95,"c":30.97,"h":31.04,"l":30.93,"v":5814.0,"Time":"2020-11-24T14:35:00Z","Interval":"5min","Figi":"BBG000BKYDP9"}
{"o":30.95,"c":30.97,"h":31.04,"l":30.93,"v":5914.0,"Time":"2020-11-24T14:35:00Z","Interval":"5min","Figi":"BBG000BKYDP9"}
{"o":30.95,"c":30.95,"h":31.04,"l":30.93,"v":6014.0,"Time":"2020-11-24T14:35:00Z","Interval":"5min","Figi":"BBG000BKYDP9"}
{"o":30.95,"c":30.94,"h":31.04,"l":30.93,"v":6034.0,"Time":"2020-11-24T14:35:00Z","Interval":"5min","Figi":"BBG000BKYDP9"}
{"o":30.95,"c":30.93,"h":31.04,"l":30.93,"v":6134.0,"Time":"2020-11-24T14:35:00Z","Interval":"5min","Figi":"BBG000BKYDP9"}
{"o":30.95,"c":30.93,"h":31.04,"l":30.93,"v":6179.0,"Time":"2020-11-24T14:35:00Z","Interval":"5min","Figi":"BBG000BKYDP9"}
{"o":30.95,"c":30.93,"h":31.04,"l":30.93,"v":6245.0,"Time":"2020-11-24T14:35:00Z","Interval":"5min","Figi":"BBG000BKYDP9"}
{"o":30.95,"c":30.94,"h":31.04,"l":30.93,"v":6307.0,"Time":"2020-11-24T14:35:00Z","Interval":"5min","Figi":"BBG000BKYDP9"}
{"o":30.95,"c":30.94,"h":31.04,"l":30.93,"v":6407.0,"Time":"2020-11-24T14:35:00Z","Interval":"5min","Figi":"BBG000BKYDP9"}
{"o":30.95,"c":30.95,"h":31.04,"l":30.93,"v":6707.0,"Time":"2020-11-24T14:35:00Z","Interval":"5min","Figi":"BBG000BKYDP9"}
{"o":30.95,"c":30.97,"h":31.04,"l":30.93,"v":6807.0,"Time":"2020-11-24T14:35:00Z","Interval":"5min","Figi":"BBG000BKYDP9"}
{"o":30.95,"c":30.97,"h":31.04,"l":30.93,"v":7007.0,"Time":"2020-11-24T14:35:00Z","Interval":"5min","Figi":"BBG000BKYDP9"}
{"o":30.95,"c":30.96,"h":31.04,"l":30.93,"v":7107.0,"Time":"2020-11-24T14:35:00Z","Interval":"5min","Figi":"BBG000BKYDP9"}
{"o":30.95,"c":30.96,"h":31.04,"l":30.93,"v":7144.0,"Time":"2020-11-24T14:35:00Z","Interval":"5min","Figi":"BBG000BKYDP9"}
{"o":30.95,"c":30.96,"h":31.04,"l":30.93,"v":7244.0,"Time":"2020-11-24T14:35:00Z","Interval":"5min","Figi":"BBG000BKYDP9"}
{"o":30.95,"c":30.96,"h":31.04,"l":30.93,"v":7344.0,"Time":"2020-11-24T14:35:00Z","Interval":"5min","Figi":"BBG000BKYDP9"}
{"o":30.95,"c":30.95,"h":31.04,"l":30.93,"v":7644.0,"Time":"2020-11-24T14:35:00Z","Interval":"5min","Figi":"BBG000BKYDP9"}
{"o":30.95,"c":30.93,"h":31.04,"l":30.93,"v":7944.0,"Time":"2020-11-24T14:35:00Z","Interval":"5min","Figi":"BBG000BKYDP9"}
{"o":30.95,"c":30.92,"h":31.04,"l":30.92,"v":8144.0,"Time":"2020-11-24T14:35:00Z","Interval":"5min","Figi":"BBG000BKYDP9"}
{"o":30.95,"c":30.9,"h":31.04,"l":30.9,"v":8244.0,"Time":"2020-11-24T14:35:00Z","Interval":"5min","Figi":"BBG000BKYDP9"}
{"o":30.95,"c":30.9,"h":31.04,"l":30.9,"v":8646.0,"Time":"2020-11-24T14:35:00Z","Interval":"5min","Figi":"BBG000BKYDP9"}
{"o":30.95,"c":30.91,"h":31.04,"l":30.9,"v":8746.0,"Time":"2020-11-24T14:35:00Z","Interval":"5min","Figi":"BBG000BKYDP9"}
{"o":30.95,"c":30.91,"h":31.04,"l":30.9,"v":8946.0,"Time":"2020-11-24T14:35:00Z","Interval":"5min","Figi":"BBG000BKYDP9"}
{"o":30.95,"c":30.9,"h":31.04,"l":30.9,"v":9246.0,"Time":"2020-11-24T14:35:00Z","Interval":"5min","Figi":"BBG000BKYDP9"}
{"o":30.95,"c":30.89,"h":31.04,"l":30.89,"v":9451.0,"Time":"2020-11-24T14:35:00Z","Interval":"5min","Figi":"BBG000BKYDP9"}
{"o":30.95,"c":30.89,"h":31.04,"l":30.89,"v":9646.0,"Time":"2020-11-24T14:35:00Z","Interval":"5min","Figi":"BBG000BKYDP9"}
{"o":30.95,"c":30.89,"h":31.04,"l":30.89,"v":9647.0,"Time":"2020-11-24T14:35:00Z","Interval":"5min","Figi":"BBG000BKYDP9"}
{"o":30.95,"c":30.89,"h":31.04,"l":30.89,"v":9847.0,"Time":"2020-11-24T14:35:00Z","Interval":"5min","Figi":"BBG000BKYDP9"}
{"o":30.95,"c":30.89,"h":31.04,"l":30.89,"v":9947.0,"Time":"2020-11-24T14:35:00Z","Interval":"5min","Figi":"BBG000BKYDP9"}
{"o":30.95,"c":30.89,"h":31.04,"l":30.89,"v":10047.0,"Time":"2020-11-24T14:35:00Z","Interval":"5min","Figi":"BBG000BKYDP9"}
{"o":30.95,"c":30.89,"h":31.04,"l":30.89,"v":10147.0,"Time":"2020-11-24T14:35:00Z","Interval":"5min","Figi":"BBG000BKYDP9"}
{"o":30.95,"c":30.89,"h":31.04,"l":30.89,"v":10247.0,"Time":"2020-11-24T14:35:00Z","Interval":"5min","Figi":"BBG000BKYDP9"}
{"o":30.95,"c":30.88,"h":31.04,"l":30.88,"v":10447.0,"Time":"2020-11-24T14:35:00Z","Interval":"5min","Figi":"BBG000BKYDP9"}
{"o":30.95,"c":30.9,"h":31.04,"l":30.88,"v":10547.0,"Time":"2020-11-24T14:35:00Z","Interval":"5min","Figi":"BBG000BKYDP9"}
{"o":30.95,"c":30.91,"h":31.04,"l":30.88,"v":10548.0,"Time":"2020-11-24T14:35:00Z","Interval":"5min","Figi":"BBG000BKYDP9"}
{"o":30.95,"c":30.91,"h":31.04,"l":30.88,"v":10549.0,"Time":"2020-11-24T14:35:00Z","Interval":"5min","Figi":"BBG000BKYDP9"}
{"o":30.95,"c":30.9,"h":31.04,"l":30.88,"v":10557.0,"Time":"2020-11-24T14:35:00Z","Interval":"5min","Figi":"BBG000BKYDP9"}
{"o":30.95,"c":30.9,"h":31.04,"l":30.88,"v":10649.0,"Time":"2020-11-24T14:35:00Z","Interval":"5min","Figi":"BBG000BKYDP9"}
{"o":30.95,"c":30.87,"h":31.04,"l":30.87,"v":10749.0,"Time":"2020-11-24T14:35:00Z","Interval":"5min","Figi":"BBG000BKYDP9"}
{"o":30.95,"c":30.86,"h":31.04,"l":30.86,"v":10849.0,"Time":"2020-11-24T14:35:00Z","Interval":"5min","Figi":"BBG000BKYDP9"}
{"o":30.95,"c":30.86,"h":31.04,"l":30.86,"v":10949.0,"Time":"2020-11-24T14:35:00Z","Interval":"5min","Figi":"BBG000BKYDP9"}
{"o":30.95,"c":30.87,"h":31.04,"l":30.86,"v":11049.0,"Time":"2020-11-24T14:35:00Z","Interval":"5min","Figi":"BBG000BKYDP9"}
{"o":30.95,"c":30.87,"h":31.04,"l":30.86,"v":11050.0,"Time":"2020-11-24T14:35:00Z","Interval":"5min","Figi":"BBG000BKYDP9"}
{"o":30.95,"c":30.87,"h":31.04,"l":30.86,"v":11350.0,"Time":"2020-11-24T14:35:00Z","Interval":"5min","Figi":"BBG000BKYDP9"}
{"o":30.95,"c":30.88,"h":31.04,"l":30.86,"v":12050.0,"Time":"2020-11-24T14:35:00Z","Interval":"5min","Figi":"BBG000BKYDP9"}
{"o":30.95,"c":30.88,"h":31.04,"l":30.86,"v":12252.0,"Time":"2020-11-24T14:35:00Z","Interval":"5min","Figi":"BBG000BKYDP9"}
{"o":30.95,"c":30.88,"h":31.04,"l":30.86,"v":12254.0,"Time":"2020-11-24T14:35:00Z","Interval":"5min","Figi":"BBG000BKYDP9"}
{"o":30.95,"c":30.9,"h":31.04,"l":30.86,"v":12264.0,"Time":"2020-11-24T14:35:00Z","Interval":"5min","Figi":"BBG000BKYDP9"}
{"o":30.95,"c":30.91,"h":31.04,"l":30.86,"v":12364.0,"Time":"2020-11-24T14:35:00Z","Interval":"5min","Figi":"BBG000BKYDP9"}
{"o":30.95,"c":30.94,"h":31.04,"l":30.86,"v":12564.0,"Time":"2020-11-24T14:35:00Z","Interval":"5min","Figi":"BBG000BKYDP9"}
{"o":30.95,"c":30.94,"h":31.04,"l":30.86,"v":12664.0,"Time":"2020-11-24T14:35:00Z","Interval":"5min","Figi":"BBG000BKYDP9"}
{"o":30.95,"c":30.94,"h":31.04,"l":30.86,"v":13146.0,"Time":"2020-11-24T14:35:00Z","Interval":"5min","Figi":"BBG000BKYDP9"}
{"o":30.95,"c":30.95,"h":31.04,"l":30.86,"v":13446.0,"Time":"2020-11-24T14:35:00Z","Interval":"5min","Figi":"BBG000BKYDP9"}
{"o":30.95,"c":30.94,"h":31.04,"l":30.86,"v":13546.0,"Time":"2020-11-24T14:35:00Z","Interval":"5min","Figi":"BBG000BKYDP9"}
{"o":30.95,"c":30.94,"h":31.04,"l":30.86,"v":13646.0,"Time":"2020-11-24T14:35:00Z","Interval":"5min","Figi":"BBG000BKYDP9"}
{"o":30.95,"c":30.94,"h":31.04,"l":30.86,"v":13746.0,"Time":"2020-11-24T14:35:00Z","Interval":"5min","Figi":"BBG000BKYDP9"}
{"o":30.95,"c":30.96,"h":31.04,"l":30.86,"v":13747.0,"Time":"2020-11-24T14:35:00Z","Interval":"5min","Figi":"BBG000BKYDP9"}
{"o":30.95,"c":30.96,"h":31.04,"l":30.86,"v":14324.0,"Time":"2020-11-24T14:35:00Z","Interval":"5min","Figi":"BBG000BKYDP9"}
{"o":30.95,"c":30.96,"h":31.04,"l":30.86,"v":14424.0,"Time":"2020-11-24T14:35:00Z","Interval":"5min","Figi":"BBG000BKYDP9"}
{"o":30.95,"c":30.96,"h":31.04,"l":30.86,"v":14524.0,"Time":"2020-11-24T14:35:00Z","Interval":"5min","Figi":"BBG000BKYDP9"}
{"o":30.95,"c":30.96,"h":31.04,"l":30.86,"v":14724.0,"Time":"2020-11-24T14:35:00Z","Interval":"5min","Figi":"BBG000BKYDP9"}
{"o":30.95,"c":30.96,"h":31.04,"l":30.86,"v":14725.0,"Time":"2020-11-24T14:35:00Z","Interval":"5min","Figi":"BBG000BKYDP9"}
{"o":30.95,"c":30.95,"h":31.04,"l":30.86,"v":15025.0,"Time":"2020-11-24T14:35:00Z","Interval":"5min","Figi":"BBG000BKYDP9"}
{"o":30.95,"c":30.94,"h":31.04,"l":30.86,"v":15359.0,"Time":"2020-11-24T14:35:00Z","Interval":"5min","Figi":"BBG000BKYDP9"}
{"o":30.95,"c":30.93,"h":31.04,"l":30.86,"v":15592.0,"Time":"2020-11-24T14:35:00Z","Interval":"5min","Figi":"BBG000BKYDP9"}
{"o":30.95,"c":30.93,"h":31.04,"l":30.86,"v":15692.0,"Time":"2020-11-24T14:35:00Z","Interval":"5min","Figi":"BBG000BKYDP9"}
{"o":30.95,"c":30.97,"h":31.04,"l":30.86,"v":15693.0,"Time":"2020-11-24T14:35:00Z","Interval":"5min","Figi":"BBG000BKYDP9"}
{"o":30.99,"c":30.99,"h":30.99,"l":30.99,"v":103.0,"Time":"2020-11-24T14:40:00Z","Interval":"5min","Figi":"BBG000BKYDP9"}
{"o":30.99,"c":31.01,"h":31.01,"l":30.99,"v":303.0,"Time":"2020-11-24T14:40:00Z","Interval":"5min","Figi":"BBG000BKYDP9"}
{"o":30.99,"c":31.02,"h":31.02,"l":30.99,"v":403.0,"Time":"2020-11-24T14:40:00Z","Interval":"5min","Figi":"BBG000BKYDP9"}
{"o":30.99,"c":31.02,"h":31.02,"l":30.99,"v":404.0,"Time":"2020-11-24T14:40:00Z","Interval":"5min","Figi":"BBG000BKYDP9"}
{"o":30.99,"c":31.02,"h":31.02,"l":30.99,"v":504.0,"Time":"2020-11-24T14:40:00Z","Interval":"5min","Figi":"BBG000BKYDP9"}
{"o":30.99,"c":31.01,"h":31.02,"l":30.99,"v":778.0,"Time":"2020-11-24T14:40:00Z","Interval":"5min","Figi":"BBG000BKYDP9"}
{"o":30.99,"c":31.01,"h":31.02,"l":30.99,"v":804.0,"Time":"2020-11-24T14:40:00Z","Interval":"5min","Figi":"BBG000BKYDP9"}
{"o":30.99,"c":31.02,"h":31.02,"l":30.99,"v":904.0,"Time":"2020-11-24T14:40:00Z","Interval":"5min","Figi":"BBG000BKYDP9"}
{"o":30.99,"c":31.02,"h":31.02,"l":30.99,"v":1504.0,"Time":"2020-11-24T14:40:00Z","Interval":"5min","Figi":"BBG000BKYDP9"}
{"o":30.99,"c":31.03,"h":31.03,"l":30.99,"v":1505.0,"Time":"2020-11-24T14:40:00Z","Interval":"5min","Figi":"BBG000BKYDP9"}
{"o":30.99,"c":31.03,"h":31.03,"l":30.99,"v":1805.0,"Time":"2020-11-24T14:40:00Z","Interval":"5min","Figi":"BBG000BKYDP9"}
{"o":30.99,"c":31.02,"h":31.03,"l":30.99,"v":2205.0,"Time":"2020-11-24T14:40:00Z","Interval":"5min","Figi":"BBG000BKYDP9"}
{"o":30.99,"c":31.03,"h":31.03,"l":30.99,"v":2305.0,"Time":"2020-11-24T14:40:00Z","Interval":"5min","Figi":"BBG000BKYDP9"}
{"o":30.99,"c":31.03,"h":31.03,"l":30.99,"v":2505.0,"Time":"2020-11-24T14:40:00Z","Interval":"5min","Figi":"BBG000BKYDP9"}
{"o":30.99,"c":31.02,"h":31.03,"l":30.99,"v":2605.0,"Time":"2020-11-24T14:40:00Z","Interval":"5min","Figi":"BBG000BKYDP9"}
{"o":30.99,"c":31.02,"h":31.03,"l":30.99,"v":2771.0,"Time":"2020-11-24T14:40:00Z","Interval":"5min","Figi":"BBG000BKYDP9"}
{"o":30.99,"c":31.02,"h":31.03,"l":30.99,"v":3071.0,"Time":"2020-11-24T14:40:00Z","Interval":"5min","Figi":"BBG000BKYDP9"}
{"o":30.99,"c":31.0,"h":31.03,"l":30.99,"v":3271.0,"Time":"2020-11-24T14:40:00Z","Interval":"5min","Figi":"BBG000BKYDP9"}
{"o":30.99,"c":31.03,"h":31.03,"l":30.99,"v":3278.0,"Time":"2020-11-24T14:40:00Z","Interval":"5min","Figi":"BBG000BKYDP9"}
{"o":30.99,"c":31.03,"h":31.03,"l":30.99,"v":3279.0,"Time":"2020-11-24T14:40:00Z","Interval":"5min","Figi":"BBG000BKYDP9"}
{"o":30.99,"c":31.04,"h":31.04,"l":30.99,"v":3280.0,"Time":"2020-11-24T14:40:00Z","Interval":"5min","Figi":"BBG000BKYDP9"}
{"o":30.99,"c":31.05,"h":31.05,"l":30.99,"v":3480.0,"Time":"2020-11-24T14:40:00Z","Interval":"5min","Figi":"BBG000BKYDP9"}
{"o":30.99,"c":31.04,"h":31.05,"l":30.99,"v":3680.0,"Time":"2020-11-24T14:40:00Z","Interval":"5min","Figi":"BBG000BKYDP9"}
{"o":30.99,"c":31.02,"h":31.05,"l":30.99,"v":3942.0,"Time":"2020-11-24T14:40:00Z","Interval":"5min","Figi":"BBG000BKYDP9"}
{"o":30.99,"c":31.02,"h":31.05,"l":30.99,"v":4080.0,"Time":"2020-11-24T14:40:00Z","Interval":"5min","Figi":"BBG000BKYDP9"}
{"o":30.99,"c":31.01,"h":31.05,"l":30.99,"v":4180.0,"Time":"2020-11-24T14:40:00Z","Interval":"5min","Figi":"BBG000BKYDP9"}
{"o":30.99,"c":31.01,"h":31.05,"l":30.99,"v":4380.0,"Time":"2020-11-24T14:40:00Z","Interval":"5min","Figi":"BBG000BKYDP9"}
{"o":30.99,"c":31.04,"h":31.05,"l":30.99,"v":4480.0,"Time":"2020-11-24T14:40:00Z","Interval":"5min","Figi":"BBG000BKYDP9"}
{"o":30.99,"c":31.04,"h":31.05,"l":30.99,"v":5082.0,"Time":"2020-11-24T14:40:00Z","Interval":"5min","Figi":"BBG000BKYDP9"}
{"o":30.99,"c":31.04,"h":31.05,"l":30.99,"v":5482.0,"Time":"2020-11-24T14:40:00Z","Interval":"5min","Figi":"BBG000BKYDP9"}
{"o":30.99,"c":31.04,"h":31.05,"l":30.99,"v":5682.0,"Time":"2020-11-24T14:40:00Z","Interval":"5min","Figi":"BBG000BKYDP9"}
{"o":30.99,"c":31.05,"h":31.05,"l":30.99,"v":6085.0,"Time":"2020-11-24T14:40:00Z","Interval":"5min","Figi":"BBG000BKYDP9"}
{"o":30.99,"c":31.05,"h":31.05,"l":30.99,"v":6285.0,"Time":"2020-11-24T14:40:00Z","Interval":"5min","Figi":"BBG000BKYDP9"}
{"o":30.99,"c":31.05,"h":31.05,"l":30.99,"v":6385.0,"Time":"2020-11-24T14:40:00Z","Interval":"5min","Figi":"BBG000BKYDP9"}
{"o":30.99,"c":31.06,"h":31.06,"l":30.99,"v":6585.0,"Time":"2020-11-24T14:40:00Z","Interval":"5min","Figi":"BBG000BKYDP9"}
{"o":30.99,"c":31.06,"h":31.06,"l":30.99,"v":6885.0,"Time":"2020-11-24T14:40:00Z","Interval":"5min","Figi":"BBG000BKYDP9"}
{"o":30.99,"c":31.04,"h":31.06,"l":30.99,"v":7085.0,"Time":"2020-11-24T14:40:00Z","Interval":"5min","Figi":"BBG000BKYDP9"}
{"o":30.99,"c":31.04,"h":31.06,"l":30.99,"v":7285.0,"Time":"2020-11-24T14:40:00Z","Interval":"5min","Figi":"BBG000BKYDP9"}
{"o":30.99,"c":31.04,"h":31.06,"l":30.99,"v":7385.0,"Time":"2020-11-24T14:40:00Z","Interval":"5min","Figi":"BBG000BKYDP9"}
{"o":30.99,"c":31.01,"h":31.06,"l":30.99,"v":7585.0,"Time":"2020-11-24T14:40:00Z","Interval":"5min","Figi":"BBG000BKYDP9"}
{"o":30.99,"c":31.01,"h":31.06,"l":30.99,"v":7685.0,"Time":"2020-11-24T14:40:00Z","Interval":"5min","Figi":"BBG000BKYDP9"}
{"o":30.99,"c":31.01,"h":31.06,"l":30.99,"v":7819.0,"Time":"2020-11-24T14:40:00Z","Interval":"5min","Figi":"BBG000BKYDP9"}
{"o":30.99,"c":31.01,"h":31.06,"l":30.99,"v":7885.0,"Time":"2020-11-24T14:40:00Z","Interval":"5min","Figi":"BBG000BKYDP9"}
{"o":30.99,"c":31.0,"h":31.06,"l":30.99,"v":7985.0,"Time":"2020-11-24T14:40:00Z","Interval":"5min","Figi":"BBG000BKYDP9"}
{"o":30.99,"c":31.0,"h":31.06,"l":30.99,"v":8083.0,"Time":"2020-11-24T14:40:00Z","Interval":"5min","Figi":"BBG000BKYDP9"}
{"o":30.99,"c":31.0,"h":31.06,"l":30.99,"v":8095.0,"Time":"2020-11-24T14:40:00Z","Interval":"5min","Figi":"BBG000BKYDP9"}
{"o":30.99,"c":31.0,"h":31.06,"l":30.99,"v":8117.0,"Time":"2020-11-24T14:40:00Z","Interval":"5min","Figi":"BBG000BKYDP9"}
{"o":30.99,"c":30.99,"h":31.06,"l":30.99,"v":8517.0,"Time":"2020-11-24T14:40:00Z","Interval":"5min","Figi":"BBG000BKYDP9"}
{"o":30.99,"c":30.99,"h":31.06,"l":30.99,"v":8617.0,"Time":"2020-11-24T14:40:00Z","Interval":"5min","Figi":"BBG000BKYDP9"}
{"o":30.99,"c":30.99,"h":31.06,"l":30.99,"v":8618.0,"Time":"2020-11-24T14:40:00Z","Interval":"5min","Figi":"BBG000BKYDP9"}
{"o":30.99,"c":30.99,"h":31.06,"l":30.99,"v":8718.0,"Time":"2020-11-24T14:40:00Z","Interval":"5min","Figi":"BBG000BKYDP9"}
{"o":30.99,"c":30.99,"h":31.06,"l":30.99,"v":8726.0,"Time":"2020-11-24T14:40:00Z","Interval":"5min","Figi":"BBG000BKYDP9"}
{"o":30.99,"c":30.99,"h":31.06,"l":30.99,"v":9218.0,"Time":"2020-11-24T14:40:00Z","Interval":"5min","Figi":"BBG000BKYDP9"}
{"o":30.99,"c":30.98,"h":31.06,"l":30.98,"v":9318.0,"Time":"2020-11-24T14:40:00Z","Interval":"5min","Figi":"BBG000BKYDP9"}
{"o":30.99,"c":30.97,"h":31.06,"l":30.97,"v":9618.0,"Time":"2020-11-24T14:40:00Z","Interval":"5min","Figi":"BBG000BKYDP9"}
{"o":30.99,"c":30.96,"h":31.06,"l":30.96,"v":9918.0,"Time":"2020-11-24T14:40:00Z","Interval":"5min","Figi":"BBG000BKYDP9"}
{"o":30.99,"c":30.96,"h":31.06,"l":30.96,"v":9920.0,"Time":"2020-11-24T14:40:00Z","Interval":"5min","Figi":"BBG000BKYDP9"}
{"o":30.99,"c":30.96,"h":31.06,"l":30.96,"v":10020.0,"Time":"2020-11-24T14:40:00Z","Interval":"5min","Figi":"BBG000BKYDP9"}
{"o":30.99,"c":30.97,"h":31.06,"l":30.96,"v":10120.0,"Time":"2020-11-24T14:40:00Z","Interval":"5min","Figi":"BBG000BKYDP9"}
{"o":30.99,"c":30.98,"h":31.06,"l":30.96,"v":10220.0,"Time":"2020-11-24T14:40:00Z","Interval":"5min","Figi":"BBG000BKYDP9"}
{"o":30.99,"c":30.98,"h":31.06,"l":30.96,"v":10225.0,"Time":"2020-11-24T14:40:00Z","Interval":"5min","Figi":"BBG000BKYDP9"}
{"o":30.99,"c":30.98,"h":31.06,"l":30.96,"v":10325.0,"Time":"2020-11-24T14:40:00Z","Interval":"5min","Figi":"BBG000BKYDP9"}
{"o":30.99,"c":30.99,"h":31.06,"l":30.96,"v":10525.0,"Time":"2020-11-24T14:40:00Z","Interval":"5min","Figi":"BBG000BKYDP9"}
{"o":30.99,"c":31.0,"h":31.06,"l":30.96,"v":10526.0,"Time":"2020-11-24T14:40:00Z","Interval":"5min","Figi":"BBG000BKYDP9"}
{"o":30.99,"c":31.01,"h":31.06,"l":30.96,"v":10626.0,"Time":"2020-11-24T14:40:00Z","Interval":"5min","Figi":"BBG000BKYDP9"}
{"o":30.99,"c":31.02,"h":31.06,"l":30.96,"v":10820.0,"Time":"2020-11-24T14:40:00Z","Interval":"5min","Figi":"BBG000BKYDP9"}
{"o":30.99,"c":31.01,"h":31.06,"l":30.96,"v":11036.0,"Time":"2020-11-24T14:40:00Z","Interval":"5min","Figi":"BBG000BKYDP9"}
{"o":30.99,"c":31.01,"h":31.06,"l":30.96,"v":11038.0,"Time":"2020-11-24T14:40:00Z","Interval":"5min","Figi":"BBG000BKYDP9"}
{"o":30.99,"c":30.99,"h":31.06,"l":30.96,"v":11154.0,"Time":"2020-11-24T14:40:00Z","Interval":"5min","Figi":"BBG000BKYDP9"}
{"o":30.99,"c":30.98,"h":31.06,"l":30.96,"v":11254.0,"Time":"2020-11-24T14:40:00Z","Interval":"5min","Figi":"BBG000BKYDP9"}
{"o":30.99,"c":30.97,"h":31.06,"l":30.96,"v":11370.0,"Time":"2020-11-24T14:40:00Z","Interval":"5min","Figi":"BBG000BKYDP9"}
{"o":30.99,"c":30.97,"h":31.06,"l":30.96,"v":11670.0,"Time":"2020-11-24T14:40:00Z","Interval":"5min","Figi":"BBG000BKYDP9"}
{"o":30.99,"c":30.98,"h":31.06,"l":30.96,"v":11851.0,"Time":"2020-11-24T14:40:00Z","Interval":"5min","Figi":"BBG000BKYDP9"}
{"o":30.99,"c":30.98,"h":31.06,"l":30.96,"v":11852.0,"Time":"2020-11-24T14:40:00Z","Interval":"5min","Figi":"BBG000BKYDP9"}
{"o":30.99,"c":31.0,"h":31.06,"l":30.96,"v":12152.0,"Time":"2020-11-24T14:40:00Z","Interval":"5min","Figi":"BBG000BKYDP9"}
{"o":30.99,"c":31.0,"h":31.06,"l":30.96,"v":12568.0,"Time":"2020-11-24T14:40:00Z","Interval":"5min","Figi":"BBG000BKYDP9"}
{"o":30.99,"c":31.0,"h":31.06,"l":30.96,"v":12670.0,"Time":"2020-11-24T14:40:00Z","Interval":"5min","Figi":"BBG000BKYDP9"}
{"o":30.99,"c":30.99,"h":31.06,"l":30.96,"v":12683.0,"Time":"2020-11-24T14:40:00Z","Interval":"5min","Figi":"BBG000BKYDP9"}
{"o":30.99,"c":30.99,"h":31.06,"l":30.96,"v":12783.0,"Time":"2020-11-24T14:40:00Z","Interval":"5min","Figi":"BBG000BKYDP9"}
{"o":30.99,"c":30.99,"h":31.06,"l":30.96,"v":12786.0,"Time":"2020-11-24T14:40:00Z","Interval":"5min","Figi":"BBG000BKYDP9"}
{"o":30.99,"c":30.99,"h":31.06,"l":30.96,"v":12899.0,"Time":"2020-11-24T14:40:00Z","Interval":"5min","Figi":"BBG000BKYDP9"}
{"o":30.99,"c":30.98,"h":31.06,"l":30.96,"v":13005.0,"Time":"2020-11-24T14:40:00Z","Interval":"5min","Figi":"BBG000BKYDP9"}
{"o":30.99,"c":30.98,"h":31.06,"l":30.96,"v":13102.0,"Time":"2020-11-24T14:40:00Z","Interval":"5min","Figi":"BBG000BKYDP9"}
{"o":30.99,"c":30.97,"h":31.06,"l":30.96,"v":13215.0,"Time":"2020-11-24T14:40:00Z","Interval":"5min","Figi":"BBG000BKYDP9"}
{"o":30.99,"c":30.97,"h":31.06,"l":30.96,"v":13315.0,"Time":"2020-11-24T14:40:00Z","Interval":"5min","Figi":"BBG000BKYDP9"}
{"o":30.99,"c":30.96,"h":31.06,"l":30.96,"v":13318.0,"Time":"2020-11-24T14:40:00Z","Interval":"5min","Figi":"BBG000BKYDP9"}
{"o":30.99,"c":30.95,"h":31.06,"l":30.95,"v":13332.0,"Time":"2020-11-24T14:40:00Z","Interval":"5min","Figi":"BBG000BKYDP9"}
{"o":30.99,"c":30.96,"h":31.06,"l":30.95,"v":13432.0,"Time":"2020-11-24T14:40:00Z","Interval":"5min","Figi":"BBG000BKYDP9"}
{"o":30.99,"c":30.95,"h":31.06,"l":30.95,"v":13433.0,"Time":"2020-11-24T14:40:00Z","Interval":"5min","Figi":"BBG000BKYDP9"}
{"o":30.99,"c":30.93,"h":31.06,"l":30.93,"v":13533.0,"Time":"2020-11-24T14:40:00Z","Interval":"5min","Figi":"BBG000BKYDP9"}
{"o":30.99,"c":30.93,"h":31.06,"l":30.93,"v":13534.0,"Time":"2020-11-24T14:40:00Z","Interval":"5min","Figi":"BBG000BKYDP9"}
{"o":30.99,"c":30.92,"h":31.06,"l":30.92,"v":13634.0,"Time":"2020-11-24T14:40:00Z","Interval":"5min","Figi":"BBG000BKYDP9"}
{"o":30.99,"c":30.92,"h":31.06,"l":30.92,"v":13634.0,"Time":"2020-11-24T14:40:00Z","Interval":"5min","Figi":"BBG000BKYDP9"}
{"o":30.99,"c":30.91,"h":31.06,"l":30.91,"v":13635.0,"Time":"2020-11-24T14:40:00Z","Interval":"5min","Figi":"BBG000BKYDP9"}
{"o":30.99,"c":30.9,"h":31.06,"l":30.9,"v":13709.0,"Time":"2020-11-24T14:40:00Z","Interval":"5min","Figi":"BBG000BKYDP9"}
{"o":30.99,"c":30.92,"h":31.06,"l":30.9,"v":13725.0,"Time":"2020-11-24T14:40:00Z","Interval":"5min","Figi":"BBG000BKYDP9"}
{"o":30.99,"c":30.92,"h":31.06,"l":30.9,"v":13726.0,"Time":"2020-11-24T14:40:00Z","Interval":"5min","Figi":"BBG000BKYDP9"}
{"o":30.99,"c":30.93,"h":31.06,"l":30.9,"v":13739.0,"Time":"2020-11-24T14:40:00Z","Interval":"5min","Figi":"BBG000BKYDP9"}
{"o":30.99,"c":30.93,"h":31.06,"l":30.9,"v":13740.0,"Time":"2020-11-24T14:40:00Z","Interval":"5min","Figi":"BBG000BKYDP9"}
{"o":30.99,"c":30.93,"h":31.06,"l":30.9,"v":13741.0,"Time":"2020-11-24T14:40:00Z","Interval":"5min","Figi":"BBG000BKYDP9"}
{"o":30.99,"c":30.92,"h":31.06,"l":30.9,"v":13743.0,"Time":"2020-11-24T14:40:00Z","Interval":"5min","Figi":"BBG000BKYDP9"}
{"o":30.99,"c":30.92,"h":31.06,"l":30.9,"v":13744.0,"Time":"2020-11-24T14:40:00Z","Interval":"5min","Figi":"BBG000BKYDP9"}
{"o":30.99,"c":30.92,"h":31.06,"l":30.9,"v":13745.0,"Time":"2020-11-24T14:40:00Z","Interval":"5min","Figi":"BBG000BKYDP9"}
{"o":30.99,"c":30.92,"h":31.06,"l":30.9,"v":13747.0,"Time":"2020-11-24T14:40:00Z","Interval":"5min","Figi":"BBG000BKYDP9"}
{"o":30.99,"c":30.92,"h":31.06,"l":30.9,"v":13768.0,"Time":"2020-11-24T14:40:00Z","Interval":"5min","Figi":"BBG000BKYDP9"}
{"o":30.99,"c":30.92,"h":31.06,"l":30.9,"v":13968.0,"Time":"2020-11-24T14:40:00Z","Interval":"5min","Figi":"BBG000BKYDP9"}
{"o":30.99,"c":30.92,"h":31.06,"l":30.9,"v":14168.0,"Time":"2020-11-24T14:40:00Z","Interval":"5min","Figi":"BBG000BKYDP9"}
{"o":30.99,"c":30.94,"h":31.06,"l":30.9,"v":14375.0,"Time":"2020-11-24T14:40:00Z","Interval":"5min","Figi":"BBG000BKYDP9"}
{"o":30.99,"c":30.94,"h":31.06,"l":30.9,"v":14517.0,"Time":"2020-11-24T14:40:00Z","Interval":"5min","Figi":"BBG000BKYDP9"}
{"o":30.99,"c":30.92,"h":31.06,"l":30.9,"v":14617.0,"Time":"2020-11-24T14:40:00Z","Interval":"5min","Figi":"BBG000BKYDP9"}
{"o":30.99,"c":30.91,"h":31.06,"l":30.9,"v":14917.0,"Time":"2020-11-24T14:40:00Z","Interval":"5min","Figi":"BBG000BKYDP9"}
{"o":30.99,"c":30.89,"h":31.06,"l":30.89,"v":15117.0,"Time":"2020-11-24T14:40:00Z","Interval":"5min","Figi":"BBG000BKYDP9"}
{"o":30.99,"c":30.9,"h":31.06,"l":30.89,"v":15617.0,"Time":"2020-11-24T14:40:00Z","Interval":"5min","Figi":"BBG000BKYDP9"}
{"o":30.9,"c":30.9,"h":30.9,"l":30.9,"v":1.0,"Time":"2020-11-24T14:45:00Z","Interval":"5min","Figi":"BBG000BKYDP9"}
{"o":30.9,"c":30.9,"h":30.9,"l":30.9,"v":5.0,"Time":"2020-11-24T14:45:00Z","Interval":"5min","Figi":"BBG000BKYDP9"}
{"o":30.9,"c":30.91,"h":30.91,"l":30.9,"v":105.0,"Time":"2020-11-24T14:45:00Z","Interval":"5min","Figi":"BBG000BKYDP9"}
{"o":30.9,"c":30.95,"h":30.95,"l":30.9,"v":205.0,"Time":"2020-11-24T14:45:00Z","Interval":"5min","Figi":"BBG000BKYDP9"}
{"o":30.9,"c":30.95,"h":30.95,"l":30.9,"v":405.0,"Time":"2020-11-24T14:45:00Z","Interval":"5min","Figi":"BBG000BKYDP9"}
{"o":30.9,"c":30.95,"h":30.95,"l":30.9,"v":505.0,"Time":"2020-11-24T14:45:00Z","Interval":"5min","Figi":"BBG000BKYDP9"}
{"o":30.9,"c":30.95,"h":30.95,"l":30.9,"v":605.0,"Time":"2020-11-24T14:45:00Z","Interval":"5min","Figi":"BBG000BKYDP9"}
{"o":30.9,"c":30.95,"h":30.95,"l":30.9,"v":705.0,"Time":"2020-11-24T14:45:00Z","Interval":"5min","Figi":"BBG000BKYDP9"}
{"o":30.9,"c":30.95,"h":30.95,"l":30.9,"v":805.0,"Time":"2020-11-24T14:45:00Z","Interval":"5min","Figi":"BBG000BKYDP9"}
{"o":30.9,"c":30.95,"h":30.95,"l":30.9,"v":905.0,"Time":"2020-11-24T14:45:00Z","Interval":"5min","Figi":"BBG000BKYDP9"}
{"o":30.9,"c":30.95,"h":30.95,"l":30.9,"v":1005.0,"Time":"2020-11-24T14:45:00Z","Interval":"5min","Figi":"BBG000BKYDP9"}
{"o":30.9,"c":30.95,"h":30.95,"l":30.9,"v":1205.0,"Time":"2020-11-24T14:45:00Z","Interval":"5min","Figi":"BBG000BKYDP9"}
{"o":30.9,"c":30.95,"h":30.95,"l":30.9,"v":1305.0,"Time":"2020-11-24T14:45:00Z","Interval":"5min","Figi":"BBG000BKYDP9"}
{"o":30.9,"c":30.95,"h":30.95,"l":30.9,"v":1505.0,"Time":"2020-11-24T14:45:00Z","Interval":"5min","Figi":"BBG000BKYDP9"}
{"o":30.9,"c":30.95,"h":30.95,"l":30.9,"v":1506.0,"Time":"2020-11-24T14:45:00Z","Interval":"5min","Figi":"BBG000BKYDP9"}
{"o":30.9,"c":30.95,"h":30.95,"l":30.9,"v":1706.0,"Time":"2020-11-24T14:45:00Z","Interval":"5min","Figi":"BBG000BKYDP9"}
{"o":30.9,"c":30.96,"h":30.96,"l":30.9,"v":1806.0,"Time":"2020-11-24T14:45:00Z","Interval":"5min","Figi":"BBG000BKYDP9"}
{"o":30.9,"c":30.97,"h":30.97,"l":30.9,"v":1808.0,"Time":"2020-11-24T14:45:00Z","Interval":"5min","Figi":"BBG000BKYDP9"}
{"o":30.9,"c":30.97,"h":30.97,"l":30.9,"v":1810.0,"Time":"2020-11-24T14:45:00Z","Interval":"5min","Figi":"BBG000BKYDP9"}
{"o":30.9,"c":30.98,"h":30.98,"l":30.9,"v":1812.0,"Time":"2020-11-24T14:45:00Z","Interval":"5min","Figi":"BBG000BKYDP9"}
{"o":30.9,"c":30.99,"h":30.99,"l":30.9,"v":2012.0,"Time":"2020-11-24T14:45:00Z","Interval":"5min","Figi":"BBG000BKYDP9"}
{"o":30.9,"c":30.98,"h":30.99,"l":30.9,"v":2312.0,"Time":"2020-11-24T14:45:00Z","Interval":"5min","Figi":"BBG000BKYDP9"}
{"o":30.9,"c":30.98,"h":30.99,"l":30.9,"v":2512.0,"Time":"2020-11-24T14:45:00Z","Interval":"5min","Figi":"BBG000BKYDP9"}
{"o":30.9,"c":30.98,"h":30.99,"l":30.9,"v":2612.0,"Time":"2020-11-24T14:45:00Z","Interval":"5min","Figi":"BBG000BKYDP9"}
{"o":30.9,"c":30.97,"h":30.99,"l":30.9,"v":2912.0,"Time":"2020-11-24T14:45:00Z","Interval":"5min","Figi":"BBG000BKYDP9"}
{"o":30.9,"c":30.97,"h":30.99,"l":30.9,"v":3112.0,"Time":"2020-11-24T14:45:00Z","Interval":"5min","Figi":"BBG000BKYDP9"}
{"o":30.9,"c":30.98,"h":30.99,"l":30.9,"v":3312.0,"Time":"2020-11-24T14:45:00Z","Interval":"5min","Figi":"BBG000BKYDP9"}
{"o":30.9,"c":30.98,"h":30.99,"l":30.9,"v":3412.0,"Time":"2020-11-24T14:45:00Z","Interval":"5min","Figi":"BBG000BKYDP9"}
{"o":30.9,"c":30.99,"h":30.99,"l":30.9,"v":3713.0,"Time":"2020-11-24T14:45:00Z","Interval":"5min","Figi":"BBG000BKYDP9"}
{"o":30.9,"c":31.0,"h":31.0,"l":30.9,"v":4013.0,"Time":"2020-11-24T14:45:00Z","Interval":"5min","Figi":"BBG000BKYDP9"}
{"o":30.9,"c":31.0,"h":31.0,"l":30.9,"v":4286.0,"Time":"2020-11-24T14:45:00Z","Interval":"5min","Figi":"BBG000BKYDP9"}
{"o":30.9,"c":31.0,"h":31.0,"l":30.9,"v":4338.0,"Time":"2020-11-24T14:45:00Z","Interval":"5min","Figi":"BBG000BKYDP9"}
{"o":30.9,"c":31.0,"h":31.0,"l":30.9,"v":4738.0,"Time":"2020-11-24T14:45:00Z","Interval":"5min","Figi":"BBG000BKYDP9"}
{"o":30.9,"c":31.0,"h":31.0,"l":30.9,"v":4739.0,"Time":"2020-11-24T14:45:00Z","Interval":"5min","Figi":"BBG000BKYDP9"}
{"o":30.9,"c":31.0,"h":31.0,"l":30.9,"v":4839.0,"Time":"2020-11-24T14:45:00Z","Interval":"5min","Figi":"BBG000BKYDP9"}
{"o":30.9,"c":31.0,"h":31.0,"l":30.9,"v":4939.0,"Time":"2020-11-24T14:45:00Z","Interval":"5min","Figi":"BBG000BKYDP9"}
{"o":30.9,"c":31.0,"h":31.0,"l":30.9,"v":5039.0,"Time":"2020-11-24T14:45:00Z","Interval":"5min","Figi":"BBG000BKYDP9"}
{"o":30.9,"c":31.0,"h":31.0,"l":30.9,"v":5237.0,"Time":"2020-11-24T14:45:00Z","Interval":"5min","Figi":"BBG000BKYDP9"}
{"o":30.9,"c":31.0,"h":31.0,"l":30.9,"v":5337.0,"Time":"2020-11-24T14:45:00Z","Interval":"5min","Figi":"BBG000BKYDP9"}
{"o":30.9,"c":31.0,"h":31.0,"l":30.9,"v":5437.0,"Time":"2020-11-24T14:45:00Z","Interval":"5min","Figi":"BBG000BKYDP9"}
{"o":30.9,"c":30.99,"h":31.0,"l":30.9,"v":5737.0,"Time":"2020-11-24T14:45:00Z","Interval":"5min","Figi":"BBG000BKYDP9"}
{"o":30.9,"c":30.98,"h":31.0,"l":30.9,"v":5837.0,"Time":"2020-11-24T14:45:00Z","Interval":"5min","Figi":"BBG000BKYDP9"}
{"o":30.9,"c":30.99,"h":31.0,"l":30.9,"v":6037.0,"Time":"2020-11-24T14:45:00Z","Interval":"5min","Figi":"BBG000BKYDP9"}
{"o":30.9,"c":31.0,"h":31.0,"l":30.9,"v":6040.0,"Time":"2020-11-24T14:45:00Z","Interval":"5min","Figi":"BBG000BKYDP9"}
{"o":30.9,"c":31.02,"h":31.02,"l":30.9,"v":6142.0,"Time":"2020-11-24T14:45:00Z","Interval":"5min","Figi":"BBG000BKYDP9"}
{"o":30.9,"c":31.03,"h":31.03,"l":30.9,"v":6442.0,"Time":"2020-11-24T14:45:00Z","Interval":"5min","Figi":"BBG000BKYDP9"}
{"o":30.9,"c":31.02,"h":31.03,"l":30.9,"v":6460.0,"Time":"2020-11-24T14:45:00Z","Interval":"5min","Figi":"BBG000BKYDP9"}
{"o":30.9,"c":31.02,"h":31.03,"l":30.9,"v":6560.0,"Time":"2020-11-24T14:45:00Z","Interval":"5min","Figi":"BBG000BKYDP9"}
{"o":30.9,"c":31.02,"h":31.03,"l":30.9,"v":6660.0,"Time":"2020-11-24T14:45:00Z","Interval":"5min","Figi":"BBG000BKYDP9"}
{"o":30.9,"c":31.02,"h":31.03,"l":30.9,"v":6760.0,"Time":"2020-11-24T14:45:00Z","Interval":"5min","Figi":"BBG000BKYDP9"}
{"o":30.9,"c":31.02,"h":31.03,"l":30.9,"v":7260.0,"Time":"2020-11-24T14:45:00Z","Interval":"5min","Figi":"BBG000BKYDP9"}
{"o":30.9,"c":31.01,"h":31.03,"l":30.9,"v":7360.0,"Time":"2020-11-24T14:45:00Z","Interval":"5min","Figi":"BBG000BKYDP9"}
{"o":30.9,"c":31.0,"h":31.03,"l":30.9,"v":7460.0,"Time":"2020-11-24T14:45:00Z","Interval":"5min","Figi":"BBG000BKYDP9"}
{"o":30.9,"c":30.99,"h":31.03,"l":30.9,"v":7560.0,"Time":"2020-11-24T14:45:00Z","Interval":"5min","Figi":"BBG000BKYDP9"}
{"o":30.9,"c":30.99,"h":31.03,"l":30.9,"v":7660.0,"Time":"2020-11-24T14:45:00Z","Interval":"5min","Figi":"BBG000BKYDP9"}
{"o":30.9,"c":30.99,"h":31.03,"l":30.9,"v":7760.0,"Time":"2020-11-24T14:45:00Z","Interval":"5min","Figi":"BBG000BKYDP9"}
{"o":30.9,"c":31.02,"h":31.03,"l":30.9,"v":7861.0,"Time":"2020-11-24T14:45:00Z","Interval":"5min","Figi":"BBG000BKYDP9"}
{"o":30.9,"c":31.02,"h":31.03,"l":30.9,"v":7961.0,"Time":"2020-11-24T14:45:00Z","Interval":"5min","Figi":"BBG000BKYDP9"}
{"o":30.9,"c":31.01,"h":31.03,"l":30.9,"v":8091.0,"Time":"2020-11-24T14:45:00Z","Interval":"5min","Figi":"BBG000BKYDP9"}
{"o":30.9,"c":30.98,"h":31.03,"l":30.9,"v":8191.0,"Time":"2020-11-24T14:45:00Z","Interval":"5min","Figi":"BBG000BKYDP9"}
{"o":30.9,"c":30.99,"h":31.03,"l":30.9,"v":8291.0,"Time":"2020-11-24T14:45:00Z","Interval":"5min","Figi":"BBG000BKYDP9"}
{"o":30.9,"c":30.99,"h":31.03,"l":30.9,"v":8326.0,"Time":"2020-11-24T14:45:00Z","Interval":"5min","Figi":"BBG000BKYDP9"}
{"o":30.9,"c":30.99,"h":31.03,"l":30.9,"v":8426.0,"Time":"2020-11-24T14:45:00Z","Interval":"5min","Figi":"BBG000BKYDP9"}
{"o":30.9,"c":30.99,"h":31.03,"l":30.9,"v":8526.0,"Time":"2020-11-24T14:45:00Z","Interval":"5min","Figi":"BBG000BKYDP9"}
{"o":30.9,"c":31.0,"h":31.03,"l":30.9,"v":8926.0,"Time":"2020-11-24T14:45:00Z","Interval":"5min","Figi":"BBG000BKYDP9"}
{"o":30.9,"c":30.99,"h":31.03,"l":30.9,"v":9226.0,"Time":"2020-11-24T14:45:00Z","Interval":"5min","Figi":"BBG000BKYDP9"}
{"o":30.9,"c":30.96,"h":31.03,"l":30.9,"v":9588.0,"Time":"2020-11-24T14:45:00Z","Interval":"5min","Figi":"BBG000BKYDP9"}
{"o":30.9,"c":30.96,"h":31.03,"l":30.9,"v":9788.0,"Time":"2020-11-24T14:45:00Z","Interval":"5min","Figi":"BBG000BKYDP9"}
{"o":30.9,"c":30.96,"h":31.03,"l":30.9,"v":9888.0,"Time":"2020-11-24T14:45:00Z","Interval":"5min","Figi":"BBG000BKYDP9"}
{"o":30.9,"c":30.97,"h":31.03,"l":30.9,"v":9988.0,"Time":"2020-11-24T14:45:00Z","Interval":"5min","Figi":"BBG000BKYDP9"}
{"o":30.9,"c":30.97,"h":31.03,"l":30.9,"v":10088.0,"Time":"2020-11-24T14:45:00Z","Interval":"5min","Figi":"BBG000BKYDP9"}
{"o":30.9,"c":30.97,"h":31.03,"l":30.9,"v":10089.0,"Time":"2020-11-24T14:45:00Z","Interval":"5min","Figi":"BBG000BKYDP9"}
{"o":30.9,"c":30.97,"h":31.03,"l":30.9,"v":10189.0,"Time":"2020-11-24T14:45:00Z","Interval":"5min","Figi":"BBG000BKYDP9"}
{"o":30.9,"c":30.97,"h":31.03,"l":30.9,"v":10389.0,"Time":"2020-11-24T14:45:00Z","Interval":"5min","Figi":"BBG000BKYDP9"}
{"o":30.9,"c":30.97,"h":31.03,"l":30.9,"v":10489.0,"Time":"2020-11-24T14:45:00Z","Interval":"5min","Figi":"BBG000BKYDP9"}
{"o":30.9,"c":30.98,"h":31.03,"l":30.9,"v":10519.0,"Time":"2020-11-24T14:45:00Z","Interval":"5min","Figi":"BBG000BKYDP9"}
{"o":30.9,"c":30.97,"h":31.03,"l":30.9,"v":10619.0,"Time":"2020-11-24T14:45:00Z","Interval":"5min","Figi":"BBG000BKYDP9"}
{"o":30.9,"c":30.97,"h":31.03,"l":30.9,"v":10901.0,"Time":"2020-11-24T14:45:00Z","Interval":"5min","Figi":"BBG000BKYDP9"}
{"o":30.9,"c":30.97,"h":31.03,"l":30.9,"v":11001.0,"Time":"2020-11-24T14:45:00Z","Interval":"5min","Figi":"BBG000BKYDP9"}
{"o":30.9,"c":30.98,"h":31.03,"l":30.9,"v":11101.0,"Time":"2020-11-24T14:45:00Z","Interval":"5min","Figi":"BBG000BKYDP9"}
{"o":30.9,"c":30.98,"h":31.03,"l":30.9,"v":11401.0,"Time":"2020-11-24T14:45:00Z","Interval":"5min","Figi":"BBG000BKYDP9"}
{"o":30.9,"c":30.98,"h":31.03,"l":30.9,"v":11601.0,"Time":"2020-11-24T14:45:00Z","Interval":"5min","Figi":"BBG000BKYDP9"}
{"o":30.9,"c":30.98,"h":31.03,"l":30.9,"v":11801.0,"Time":"2020-11-24T14:45:00Z","Interval":"5min","Figi":"BBG000BKYDP9"}
{"o":30.9,"c":30.98,"h":31.03,"l":30.9,"v":12001.0,"Time":"2020-11-24T14:45:00Z","Interval":"5min","Figi":"BBG000BKYDP9"}
{"o":30.9,"c":30.98,"h":31.03,"l":30.9,"v":12201.0,"Time":"2020-11-24T14:45:00Z","Interval":"5min","Figi":"BBG000BKYDP9"}
{"o":30.9,"c":30.98,"h":31.03,"l":30.9,"v":12301.0,"Time":"2020-11-24T14:45:00Z","Interval":"5min","Figi":"BBG000BKYDP9"}
{"o":30.9,"c":30.99,"h":31.03,"l":30.9,"v":12501.0,"Time":"2020-11-24T14:45:00Z","Interval":"5min","Figi":"BBG000BKYDP9"}
{"o":30.9,"c":30.99,"h":31.03,"l":30.9,"v":12601.0,"Time":"2020-11-24T14:45:00Z","Interval":"5min","Figi":"BBG000BKYDP9"}
{"o":30.9,"c":30.99,"h":31.03,"l":30.9,"v":13001.0,"Time":"2020-11-24T14:45:00Z","Interval":"5min","Figi":"BBG000BKYDP9"}
{"o":30.9,"c":30.99,"h":31.03,"l":30.9,"v":13101.0,"Time":"2020-11-24T14:45:00Z","Interval":"5min","Figi":"BBG000BKYDP9"}
{"o":30.9,"c":30.98,"h":31.03,"l":30.9,"v":13602.0,"Time":"2020-11-24T14:45:00Z","Interval":"5min","Figi":"BBG000BKYDP9"}
{"o":30.9,"c":30.98,"h":31.03,"l":30.9,"v":13702.0,"Time":"2020-11-24T14:45:00Z","Interval":"5min","Figi":"BBG000BKYDP9"}
{"o":30.9,"c":30.98,"h":31.03,"l":30.9,"v":13902.0,"Time":"2020-11-24T14:45:00Z","Interval":"5min","Figi":"BBG000BKYDP9"}
{"o":30.9,"c":30.98,"h":31.03,"l":30.9,"v":14102.0,"Time":"2020-11-24T14:45:00Z","Interval":"5min","Figi":"BBG000BKYDP9"}
{"o":30.9,"c":30.97,"h":31.03,"l":30.9,"v":14202.0,"Time":"2020-11-24T14:45:00Z","Interval":"5min","Figi":"BBG000BKYDP9"}
{"o":30.9,"c":30.96,"h":31.03,"l":30.9,"v":14402.0,"Time":"2020-11-24T14:45:00Z","Interval":"5min","Figi":"BBG000BKYDP9"}
{"o":30.9,"c":30.96,"h":31.03,"l":30.9,"v":14502.0,"Time":"2020-11-24T14:45:00Z","Interval":"5min","Figi":"BBG000BKYDP9"}
{"o":30.9,"c":30.96,"h":31.03,"l":30.9,"v":14517.0,"Time":"2020-11-24T14:45:00Z","Interval":"5min","Figi":"BBG000BKYDP9"}
{"o":30.9,"c":30.96,"h":31.03,"l":30.9,"v":14702.0,"Time":"2020-11-24T14:45:00Z","Interval":"5min","Figi":"BBG000BKYDP9"}
{"o":30.9,"c":30.96,"h":31.03,"l":30.9,"v":15102.0,"Time":"2020-11-24T14:45:00Z","Interval":"5min","Figi":"BBG000BKYDP9"}
{"o":30.9,"c":30.96,"h":31.03,"l":30.9,"v":15202.0,"Time":"2020-11-24T14:45:00Z","Interval":"5min","Figi":"BBG000BKYDP9"}
{"o":30.9,"c":30.96,"h":31.03,"l":30.9,"v":15304.0,"Time":"2020-11-24T14:45:00Z","Interval":"5min","Figi":"BBG000BKYDP9"}
{"o":30.9,"c":30.96,"h":31.03,"l":30.9,"v":15500.0,"Time":"2020-11-24T14:45:00Z","Interval":"5min","Figi":"BBG000BKYDP9"}
{"o":30.9,"c":30.95,"h":31.03,"l":30.9,"v":15700.0,"Time":"2020-11-24T14:45:00Z","Interval":"5min","Figi":"BBG000BKYDP9"}
{"o":30.9,"c":30.94,"h":31.03,"l":30.9,"v":15800.0,"Time":"2020-11-24T14:45:00Z","Interval":"5min","Figi":"BBG000BKYDP9"}
{"o":30.9,"c":30.94,"h":31.03,"l":30.9,"v":16122.0,"Time":"2020-11-24T14:45:00Z","Interval":"5min","Figi":"BBG000BKYDP9"}
{"o":30.9,"c":30.94,"h":31.03,"l":30.9,"v":16200.0,"Time":"2020-11-24T14:45:00Z","Interval":"5min","Figi":"BBG000BKYDP9"}
{"o":30.9,"c":30.94,"h":31.03,"l":30.9,"v":16403.0,"Time":"2020-11-24T14:45:00Z","Interval":"5min","Figi":"BBG000BKYDP9"}
{"o":30.9,"c":30.94,"h":31.03,"l":30.9,"v":16503.0,"Time":"2020-11-24T14:45:00Z","Interval":"5min","Figi":"BBG000BKYDP9"}
{"o":30.9,"c":30.95,"h":31.03,"l":30.9,"v":16603.0,"Time":"2020-11-24T14:45:00Z","Interval":"5min","Figi":"BBG000BKYDP9"}
{"o":30.9,"c":30.95,"h":31.03,"l":30.9,"v":16604.0,"Time":"2020-11-24T14:45:00Z","Interval":"5min","Figi":"BBG000BKYDP9"}
{"o":30.9,"c":30.95,"h":31.03,"l":30.9,"v":16703.0,"Time":"2020-11-24T14:45:00Z","Interval":"5min","Figi":"BBG000BKYDP9"}
{"o":30.9,"c":30.95,"h":31.03,"l":30.9,"v":16704.0,"Time":"2020-11-24T14:45:00Z","Interval":"5min","Figi":"BBG000BKYDP9"}
{"o":30.9,"c":30.95,"h":31.03,"l":30.9,"v":16804.0,"Time":"2020-11-24T14:45:00Z","Interval":"5min","Figi":"BBG000BKYDP9"}
{"o":30.9,"c":30.95,"h":31.03,"l":30.9,"v":16903.0,"Time":"2020-11-24T14:45:00Z","Interval":"5min","Figi":"BBG000BKYDP9"}
{"o":30.9,"c":30.95,"h":31.03,"l":30.9,"v":17003.0,"Time":"2020-11-24T14:45:00Z","Interval":"5min","Figi":"BBG000BKYDP9"}
{"o":30.9,"c":30.95,"h":31.03,"l":30.9,"v":17103.0,"Time":"2020-11-24T14:45:00Z","Interval":"5min","Figi":"BBG000BKYDP9"}
{"o":30.9,"c":30.95,"h":31.03,"l":30.9,"v":17203.0,"Time":"2020-11-24T14:45:00Z","Interval":"5min","Figi":"BBG000BKYDP9"}
{"o":30.9,"c":30.95,"h":31.03,"l":30.9,"v":17303.0,"Time":"2020-11-24T14:45:00Z","Interval":"5min","Figi":"BBG000BKYDP9"}
{"o":30.9,"c":30.95,"h":31.03,"l":30.9,"v":17403.0,"Time":"2020-11-24T14:45:00Z","Interval":"5min","Figi":"BBG000BKYDP9"}
{"o":30.9,"c":30.95,"h":31.03,"l":30.9,"v":17603.0,"Time":"2020-11-24T14:45:00Z","Interval":"5min","Figi":"BBG000BKYDP9"}
{"o":30.9,"c":30.96,"h":31.03,"l":30.9,"v":17703.0,"Time":"2020-11-24T14:45:00Z","Interval":"5min","Figi":"BBG000BKYDP9"}
{"o":30.9,"c":30.96,"h":31.03,"l":30.9,"v":17904.0,"Time":"2020-11-24T14:45:00Z","Interval":"5min","Figi":"BBG000BKYDP9"}
{"o":30.9,"c":30.96,"h":31.03,"l":30.9,"v":18104.0,"Time":"2020-11-24T14:45:00Z","Interval":"5min","Figi":"BBG000BKYDP9"}
{"o":30.9,"c":30.96,"h":31.03,"l":30.9,"v":18204.0,"Time":"2020-11-24T14:45:00Z","Interval":"5min","Figi":"BBG000BKYDP9"}
{"o":30.9,"c":30.96,"h":31.03,"l":30.9,"v":18504.0,"Time":"2020-11-24T14:45:00Z","Interval":"5min","Figi":"BBG000BKYDP9"}
{"o":30.9,"c":30.95,"h":31.03,"l":30.9,"v":18904.0,"Time":"2020-11-24T14:45:00Z","Interval":"5min","Figi":"BBG000BKYDP9"}
{"o":30.9,"c":30.95,"h":31.03,"l":30.9,"v":19104.0,"Time":"2020-11-24T14:45:00Z","Interval":"5min","Figi":"BBG000BKYDP9"}
{"o":30.9,"c":30.96,"h":31.03,"l":30.9,"v":19504.0,"Time":"2020-11-24T14:45:00Z","Interval":"5min","Figi":"BBG000BKYDP9"}
{"o":30.9,"c":30.96,"h":31.03,"l":30.9,"v":19704.0,"Time":"2020-11-24T14:45:00Z","Interval":"5min","Figi":"BBG000BKYDP9"}
{"o":30.9,"c":30.96,"h":31.03,"l":30.9,"v":19804.0,"Time":"2020-11-24T14:45:00Z","Interval":"5min","Figi":"BBG000BKYDP9"}
{"o":30.9,"c":30.96,"h":31.03,"l":30.9,"v":20112.0,"Time":"2020-11-24T14:45:00Z","Interval":"5min","Figi":"BBG000BKYDP9"}
{"o":30.9,"c":30.96,"h":31.03,"l":30.9,"v":20312.0,"Time":"2020-11-24T14:45:00Z","Interval":"5min","Figi":"BBG000BKYDP9"}
{"o":30.9,"c":30.96,"h":31.03,"l":30.9,"v":20412.0,"Time":"2020-11-24T14:45:00Z","Interval":"5min","Figi":"BBG000BKYDP9"}
{"o":30.9,"c":30.96,"h":31.03,"l":30.9,"v":20912.0,"Time":"2020-11-24T14:45:00Z","Interval":"5min","Figi":"BBG000BKYDP9"}
{"o":30.9,"c":30.96,"h":31.03,"l":30.9,"v":21412.0,"Time":"2020-11-24T14:45:00Z","Interval":"5min","Figi":"BBG000BKYDP9"}
{"o":30.9,"c":30.96,"h":31.03,"l":30.9,"v":21513.0,"Time":"2020-11-24T14:45:00Z","Interval":"5min","Figi":"BBG000BKYDP9"}
{"o":30.9,"c":30.97,"h":31.03,"l":30.9,"v":21543.0,"Time":"2020-11-24T14:45:00Z","Interval":"5min","Figi":"BBG000BKYDP9"}
{"o":30.9,"c":30.97,"h":31.03,"l":30.9,"v":21618.0,"Time":"2020-11-24T14:45:00Z","Interval":"5min","Figi":"BBG000BKYDP9"}
{"o":30.9,"c":30.99,"h":31.03,"l":30.9,"v":21718.0,"Time":"2020-11-24T14:45:00Z","Interval":"5min","Figi":"BBG000BKYDP9"}
{"o":30.9,"c":30.99,"h":31.03,"l":30.9,"v":21918.0,"Time":"2020-11-24T14:45:00Z","Interval":"5min","Figi":"BBG000BKYDP9"}
{"o":31.0,"c":31.0,"h":31.0,"l":31.0,"v":200.0,"Time":"2020-11-24T14:50:00Z","Interval":"5min","Figi":"BBG000BKYDP9"}
{"o":31.0,"c":31.0,"h":31.0,"l":31.0,"v":300.0,"Time":"2020-11-24T14:50:00Z","Interval":"5min","Figi":"BBG000BKYDP9"}
{"o":31.0,"c":31.0,"h":31.0,"l":31.0,"v":800.0,"Time":"2020-11-24T14:50:00Z","Interval":"5min","Figi":"BBG000BKYDP9"}
{"o":31.0,"c":31.01,"h":31.01,"l":31.0,"v":1000.0,"Time":"2020-11-24T14:50:00Z","Interval":"5min","Figi":"BBG000BKYDP9"}
{"o":31.0,"c":31.01,"h":31.01,"l":31.0,"v":1300.0,"Time":"2020-11-24T14:50:00Z","Interval":"5min","Figi":"BBG000BKYDP9"}
{"o":31.0,"c":31.02,"h":31.02,"l":31.0,"v":1401.0,"Time":"2020-11-24T14:50:00Z","Interval":"5min","Figi":"BBG000BKYDP9"}
{"o":31.0,"c":31.02,"h":31.02,"l":31.0,"v":1417.0,"Time":"2020-11-24T14:50:00Z","Interval":"5min","Figi":"BBG000BKYDP9"}
{"o":31.0,"c":31.03,"h":31.03,"l":31.0,"v":1517.0,"Time":"2020-11-24T14:50:00Z","Interval":"5min","Figi":"BBG000BKYDP9"}
{"o":31.0,"c":31.03,"h":31.03,"l":31.0,"v":1530.0,"Time":"2020-11-24T14:50:00Z","Interval":"5min","Figi":"BBG000BKYDP9"}
{"o":31.0,"c":31.04,"h":31.04,"l":31.0,"v":1698.0,"Time":"2020-11-24T14:50:00Z","Interval":"5min","Figi":"BBG000BKYDP9"}
{"o":31.0,"c":31.04,"h":31.04,"l":31.0,"v":1830.0,"Time":"2020-11-24T14:50:00Z","Interval":"5min","Figi":"BBG000BKYDP9"}
{"o":31.0,"c":31.03,"h":31.04,"l":31.0,"v":1930.0,"Time":"2020-11-24T14:50:00Z","Interval":"5min","Figi":"BBG000BKYDP9"}
{"o":31.0,"c":31.02,"h":31.04,"l":31.0,"v":2230.0,"Time":"2020-11-24T14:50:00Z","Interval":"5min","Figi":"BBG000BKYDP9"}
{"o":31.0,"c":31.01,"h":31.04,"l":31.0,"v":2330.0,"Time":"2020-11-24T14:50:00Z","Interval":"5min","Figi":"BBG000BKYDP9"}
{"o":31.0,"c":31.0,"h":31.04,"l":31.0,"v":2430.0,"Time":"2020-11-24T14:50:00Z","Interval":"5min","Figi":"BBG000BKYDP9"}
{"o":31.0,"c":30.99,"h":31.04,"l":30.99,"v":2530.0,"Time":"2020-11-24T14:50:00Z","Interval":"5min","Figi":"BBG000BKYDP9"}
{"o":31.0,"c":30.99,"h":31.04,"l":30.99,"v":2552.0,"Time":"2020-11-24T14:50:00Z","Interval":"5min","Figi":"BBG000BKYDP9"}
{"o":31.0,"c":31.0,"h":31.04,"l":30.99,"v":2752.0,"Time":"2020-11-24T14:50:00Z","Interval":"5min","Figi":"BBG000BKYDP9"}
{"o":31.0,"c":30.99,"h":31.04,"l":30.99,"v":2852.0,"Time":"2020-11-24T14:50:00Z","Interval":"5min","Figi":"BBG000BKYDP9"}
{"o":31.0,"c":30.97,"h":31.04,"l":30.97,"v":2946.0,"Time":"2020-11-24T14:50:00Z","Interval":"5min","Figi":"BBG000BKYDP9"}
{"o":31.0,"c":30.97,"h":31.04,"l":30.97,"v":3046.0,"Time":"2020-11-24T14:50:00Z","Interval":"5min","Figi":"BBG000BKYDP9"}
{"o":31.0,"c":30.97,"h":31.04,"l":30.97,"v":3146.0,"Time":"2020-11-24T14:50:00Z","Interval":"5min","Figi":"BBG000BKYDP9"}
{"o":31.0,"c":30.98,"h":31.04,"l":30.97,"v":3347.0,"Time":"2020-11-24T14:50:00Z","Interval":"5min","Figi":"BBG000BKYDP9"}
{"o":31.0,"c":30.99,"h":31.04,"l":30.97,"v":3547.0,"Time":"2020-11-24T14:50:00Z","Interval":"5min","Figi":"BBG000BKYDP9"}
{"o":31.0,"c":30.99,"h":31.04,"l":30.97,"v":3549.0,"Time":"2020-11-24T14:50:00Z","Interval":"5min","Figi":"BBG000BKYDP9"}
{"o":31.0,"c":30.98,"h":31.04,"l":30.97,"v":3949.0,"Time":"2020-11-24T14:50:00Z","Interval":"5min","Figi":"BBG000BKYDP9"}
{"o":31.0,"c":30.98,"h":31.04,"l":30.97,"v":4240.0,"Time":"2020-11-24T14:50:00Z","Interval":"5min","Figi":"BBG000BKYDP9"}
{"o":31.0,"c":30.98,"h":31.04,"l":30.97,"v":4440.0,"Time":"2020-11-24T14:50:00Z","Interval":"5min","Figi":"BBG000BKYDP9"}
{"o":31.0,"c":30.99,"h":31.04,"l":30.97,"v":4540.0,"Time":"2020-11-24T14:50:00Z","Interval":"5min","Figi":"BBG000BKYDP9"}
{"o":31.0,"c":31.0,"h":31.04,"l":30.97,"v":4740.0,"Time":"2020-11-24T14:50:00Z","Interval":"5min","Figi":"BBG000BKYDP9"}
{"o":31.0,"c":31.0,"h":31.04,"l":30.97,"v":4840.0,"Time":"2020-11-24T14:50:00Z","Interval":"5min","Figi":"BBG000BKYDP9"}
{"o":31.0,"c":31.0,"h":31.04,"l":30.97,"v":5040.0,"Time":"2020-11-24T14:50:00Z","Interval":"5min","Figi":"BBG000BKYDP9"}
{"o":31.0,"c":31.01,"h":31.04,"l":30.97,"v":5045.0,"Time":"2020-11-24T14:50:00Z","Interval":"5min","Figi":"BBG000BKYDP9"}
{"o":31.0,"c":31.03,"h":31.04,"l":30.97,"v":5046.0,"Time":"2020-11-24T14:50:00Z","Interval":"5min","Figi":"BBG000BKYDP9"}
{"o":31.0,"c":31.04,"h":31.04,"l":30.97,"v":5076.0,"Time":"2020-11-24T14:50:00Z","Interval":"5min","Figi":"BBG000BKYDP9"}
{"o":31.0,"c":31.04,"h":31.04,"l":30.97,"v":5176.0,"Time":"2020-11-24T14:50:00Z","Interval":"5min","Figi":"BBG000BKYDP9"}
{"o":31.0,"c":31.05,"h":31.05,"l":30.97,"v":5177.0,"Time":"2020-11-24T14:50:00Z","Interval":"5min","Figi":"BBG000BKYDP9"}
{"o":31.0,"c":31.05,"h":31.05,"l":30.97,"v":5484.0,"Time":"2020-11-24T14:50:00Z","Interval":"5min","Figi":"BBG000BKYDP9"}
{"o":31.0,"c":31.05,"h":31.05,"l":30.97,"v":5683.0,"Time":"2020-11-24T14:50:00Z","Interval":"5min","Figi":"BBG000BKYDP9"}
{"o":31.0,"c":31.05,"h":31.05,"l":30.97,"v":6183.0,"Time":"2020-11-24T14:50:00Z","Interval":"5min","Figi":"BBG000BKYDP9"}
{"o":31.0,"c":31.04,"h":31.05,"l":30.97,"v":6483.0,"Time":"2020-11-24T14:50:00Z","Interval":"5min","Figi":"BBG000BKYDP9"}
{"o":31.0,"c":31.03,"h":31.05,"l":30.97,"v":6683.0,"Time":"2020-11-24T14:50:00Z","Interval":"5min","Figi":"BBG000BKYDP9"}
{"o":31.0,"c":31.02,"h":31.05,"l":30.97,"v":6883.0,"Time":"2020-11-24T14:50:00Z","Interval":"5min","Figi":"BBG000BKYDP9"}
{"o":31.0,"c":31.02,"h":31.05,"l":30.97,"v":6983.0,"Time":"2020-11-24T14:50:00Z","Interval":"5min","Figi":"BBG000BKYDP9"}
{"o":31.0,"c":31.01,"h":31.05,"l":30.97,"v":7083.0,"Time":"2020-11-24T14:50:00Z","Interval":"5min","Figi":"BBG000BKYDP9"}
{"o":31.0,"c":31.0,"h":31.05,"l":30.97,"v":7183.0,"Time":"2020-11-24T14:50:00Z","Interval":"5min","Figi":"BBG000BKYDP9"}
{"o":31.0,"c":31.0,"h":31.05,"l":30.97,"v":7519.0,"Time":"2020-11-24T14:50:00Z","Interval":"5min","Figi":"BBG000BKYDP9"}
{"o":31.0,"c":31.0,"h":31.05,"l":30.97,"v":7683.0,"Time":"2020-11-24T14:50:00Z","Interval":"5min","Figi":"BBG000BKYDP9"}
{"o":31.0,"c":31.01,"h":31.05,"l":30.97,"v":7983.0,"Time":"2020-11-24T14:50:00Z","Interval":"5min","Figi":"BBG000BKYDP9"}
{"o":31.0,"c":31.01,"h":31.05,"l":30.97,"v":8183.0,"Time":"2020-11-24T14:50:00Z","Interval":"5min","Figi":"BBG000BKYDP9"}
{"o":31.0,"c":31.02,"h":31.05,"l":30.97,"v":8384.0,"Time":"2020-11-24T14:50:00Z","Interval":"5min","Figi":"BBG000BKYDP9"}
{"o":31.0,"c":31.02,"h":31.05,"l":30.97,"v":8584.0,"Time":"2020-11-24T14:50:00Z","Interval":"5min","Figi":"BBG000BKYDP9"}
{"o":31.0,"c":31.01,"h":31.05,"l":30.97,"v":8684.0,"Time":"2020-11-24T14:50:00Z","Interval":"5min","Figi":"BBG000BKYDP9"}
{"o":31.0,"c":31.01,"h":31.05,"l":30.97,"v":9284.0,"Time":"2020-11-24T14:50:00Z","Interval":"5min","Figi":"BBG000BKYDP9"}
{"o":31.0,"c":31.01,"h":31.05,"l":30.97,"v":9884.0,"Time":"2020-11-24T14:50:00Z","Interval":"5min","Figi":"BBG000BKYDP9"}
{"o":31.0,"c":31.01,"h":31.05,"l":30.97,"v":10084.0,"Time":"2020-11-24T14:50:00Z","Interval":"5min","Figi":"BBG000BKYDP9"}
{"o":31.0,"c":31.01,"h":31.05,"l":30.97,"v":10284.0,"Time":"2020-11-24T14:50:00Z","Interval":"5min","Figi":"BBG000BKYDP9"}
{"o":31.0,"c":31.01,"h":31.05,"l":30.97,"v":10384.0,"Time":"2020-11-24T14:50:00Z","Interval":"5min","Figi":"BBG000BKYDP9"}
{"o":31.0,"c":31.03,"h":31.05,"l":30.97,"v":10937.0,"Time":"2020-11-24T14:50:00Z","Interval":"5min","Figi":"BBG000BKYDP9"}
{"o":31.0,"c":31.03,"h":31.05,"l":30.97,"v":11037.0,"Time":"2020-11-24T14:50:00Z","Interval":"5min","Figi":"BBG000BKYDP9"}
{"o":31.0,"c":31.02,"h":31.05,"l":30.97,"v":11137.0,"Time":"2020-11-24T14:50:00Z","Interval":"5min","Figi":"BBG000BKYDP9"}
{"o":31.0,"c":31.03,"h":31.05,"l":30.97,"v":11138.0,"Time":"2020-11-24T14:50:00Z","Interval":"5min","Figi":"BBG000BKYDP9"}
{"o":31.0,"c":31.03,"h":31.05,"l":30.97,"v":11239.0,"Time":"2020-11-24T14:50:00Z","Interval":"5min","Figi":"BBG000BKYDP9"}
{"o":31.0,"c":31.04,"h":31.05,"l":30.97,"v":11339.0,"Time":"2020-11-24T14:50:00Z","Interval":"5min","Figi":"BBG000BKYDP9"}
{"o":31.0,"c":31.05,"h":31.05,"l":30.97,"v":11371.0,"Time":"2020-11-24T14:50:00Z","Interval":"5min","Figi":"BBG000BKYDP9"}
{"o":31.0,"c":31.05,"h":31.05,"l":30.97,"v":11771.0,"Time":"2020-11-24T14:50:00Z","Interval":"5min","Figi":"BBG000BKYDP9"}
{"o":31.0,"c":31.04,"h":31.05,"l":30.97,"v":11971.0,"Time":"2020-11-24T14:50:00Z","Interval":"5min","Figi":"BBG000BKYDP9"}
{"o":31.0,"c":31.03,"h":31.05,"l":30.97,"v":12233.0,"Time":"2020-11-24T14:50:00Z","Interval":"5min","Figi":"BBG000BKYDP9"}
{"o":31.0,"c":31.02,"h":31.05,"l":30.97,"v":12433.0,"Time":"2020-11-24T14:50:00Z","Interval":"5min","Figi":"BBG000BKYDP9"}
{"o":31.0,"c":31.02,"h":31.05,"l":30.97,"v":12595.0,"Time":"2020-11-24T14:50:00Z","Interval":"5min","Figi":"BBG000BKYDP9"}
{"o":31.0,"c":31.0,"h":31.05,"l":30.97,"v":12611.0,"Time":"2020-11-24T14:50:00Z","Interval":"5min","Figi":"BBG000BKYDP9"}
{"o":31.0,"c":31.01,"h":31.05,"l":30.97,"v":12711.0,"Time":"2020-11-24T14:50:00Z","Interval":"5min","Figi":"BBG000BKYDP9"}
{"o":31.0,"c":31.01,"h":31.05,"l":30.97,"v":12811.0,"Time":"2020-11-24T14:50:00Z","Interval":"5min","Figi":"BBG000BKYDP9"}
{"o":31.0,"c":31.01,"h":31.05,"l":30.97,"v":12912.0,"Time":"2020-11-24T14:50:00Z","Interval":"5min","Figi":"BBG000BKYDP9"}
{"o":31.0,"c":31.0,"h":31.05,"l":30.97,"v":13012.0,"Time":"2020-11-24T14:50:00Z","Interval":"5min","Figi":"BBG000BKYDP9"}
{"o":31.0,"c":31.0,"h":31.05,"l":30.97,"v":13314.0,"Time":"2020-11-24T14:50:00Z","Interval":"5min","Figi":"BBG000BKYDP9"}
{"o":31.0,"c":31.01,"h":31.05,"l":30.97,"v":13422.0,"Time":"2020-11-24T14:50:00Z","Interval":"5min","Figi":"BBG000BKYDP9"}
{"o":31.0,"c":31.02,"h":31.05,"l":30.97,"v":13622.0,"Time":"2020-11-24T14:50:00Z","Interval":"5min","Figi":"BBG000BKYDP9"}
{"o":31.0,"c":31.03,"h":31.05,"l":30.97,"v":13722.0,"Time":"2020-11-24T14:50:00Z","Interval":"5min","Figi":"BBG000BKYDP9"}
{"o":31.0,"c":31.03,"h":31.05,"l":30.97,"v":13727.0,"Time":"2020-11-24T14:50:00Z","Interval":"5min","Figi":"BBG000BKYDP9"}
{"o":31.0,"c":31.03,"h":31.05,"l":30.97,"v":13828.0,"Time":"2020-11-24T14:50:00Z","Interval":"5min","Figi":"BBG000BKYDP9"}
{"o":31.0,"c":31.03,"h":31.05,"l":30.97,"v":14028.0,"Time":"2020-11-24T14:50:00Z","Interval":"5min","Figi":"BBG000BKYDP9"}
{"o":31.0,"c":31.03,"h":31.05,"l":30.97,"v":14328.0,"Time":"2020-11-24T14:50:00Z","Interval":"5min","Figi":"BBG000BKYDP9"}
{"o":31.0,"c":31.04,"h":31.05,"l":30.97,"v":14423.0,"Time":"2020-11-24T14:50:00Z","Interval":"5min","Figi":"BBG000BKYDP9"}
{"o":31.0,"c":31.04,"h":31.05,"l":30.97,"v":14523.0,"Time":"2020-11-24T14:50:00Z","Interval":"5min","Figi":"BBG000BKYDP9"}
{"o":31.0,"c":31.04,"h":31.05,"l":30.97,"v":14723.0,"Time":"2020-11-24T14:50:00Z","Interval":"5min","Figi":"BBG000BKYDP9"}
{"o":31.0,"c":31.04,"h":31.05,"l":30.97,"v":15516.0,"Time":"2020-11-24T14:50:00Z","Interval":"5min","Figi":"BBG000BKYDP9"}
{"o":31.0,"c":31.04,"h":31.05,"l":30.97,"v":15616.0,"Time":"2020-11-24T14:50:00Z","Interval":"5min","Figi":"BBG000BKYDP9"}
{"o":31.04,"c":31.04,"h":31.04,"l":31.04,"v":101.0,"Time":"2020-11-24T14:55:00Z","Interval":"5min","Figi":"BBG000BKYDP9"}
{"o":31.04,"c":31.06,"h":31.06,"l":31.04,"v":303.0,"Time":"2020-11-24T14:55:00Z","Interval":"5min","Figi":"BBG000BKYDP9"}
{"o":31.04,"c":31.07,"h":31.07,"l":31.04,"v":403.0,"Time":"2020-11-24T14:55:00Z","Interval":"5min","Figi":"BBG000BKYDP9"}
{"o":31.04,"c":31.07,"h":31.07,"l":31.04,"v":603.0,"Time":"2020-11-24T14:55:00Z","Interval":"5min","Figi":"BBG000BKYDP9"}
{"o":31.04,"c":31.07,"h":31.07,"l":31.04,"v":614.0,"Time":"2020-11-24T14:55:00Z","Interval":"5min","Figi":"BBG000BKYDP9"}
{"o":31.04,"c":31.06,"h":31.07,"l":31.04,"v":815.0,"Time":"2020-11-24T14:55:00Z","Interval":"5min","Figi":"BBG000BKYDP9"}
{"o":31.04,"c":31.05,"h":31.07,"l":31.04,"v":1110.0,"Time":"2020-11-24T14:55:00Z","Interval":"5min","Figi":"BBG000BKYDP9"}
{"o":31.04,"c":31.06,"h":31.07,"l":31.04,"v":1510.0,"Time":"2020-11-24T14:55:00Z","Interval":"5min","Figi":"BBG000BKYDP9"}
{"o":31.04,"c":31.06,"h":31.07,"l":31.04,"v":1810.0,"Time":"2020-11-24T14:55:00Z","Interval":"5min","Figi":"BBG000BKYDP9"}
{"o":31.04,"c":31.06,"h":31.07,"l":31.04,"v":1811.0,"Time":"2020-11-24T14:55:00Z","Interval":"5min","Figi":"BBG000BKYDP9"}
{"o":31.04,"c":31.07,"h":31.07,"l":31.04,"v":1911.0,"Time":"2020-11-24T14:55:00Z","Interval":"5min","Figi":"BBG000BKYDP9"}
{"o":31.04,"c":31.07,"h":31.07,"l":31.04,"v":2011.0,"Time":"2020-11-24T14:55:00Z","Interval":"5min","Figi":"BBG000BKYDP9"}
{"o":31.04,"c":31.07,"h":31.07,"l":31.04,"v":2111.0,"Time":"2020-11-24T14:55:00Z","Interval":"5min","Figi":"BBG000BKYDP9"}
{"o":31.04,"c":31.08,"h":31.08,"l":31.04,"v":2214.0,"Time":"2020-11-24T14:55:00Z","Interval":"5min","Figi":"BBG000BKYDP9"}
{"o":31.04,"c":31.09,"h":31.09,"l":31.04,"v":2414.0,"Time":"2020-11-24T14:55:00Z","Interval":"5min","Figi":"BBG000BKYDP9"}
{"o":31.04,"c":31.1,"h":31.1,"l":31.04,"v":2416.0,"Time":"2020-11-24T14:55:00Z","Interval":"5min","Figi":"BBG000BKYDP9"}
{"o":31.04,"c":31.11,"h":31.11,"l":31.04,"v":2716.0,"Time":"2020-11-24T14:55:00Z","Interval":"5min","Figi":"BBG000BKYDP9"}
{"o":31.04,"c":31.1,"h":31.11,"l":31.04,"v":2816.0,"Time":"2020-11-24T14:55:00Z","Interval":"5min","Figi":"BBG000BKYDP9"}
{"o":31.04,"c":31.11,"h":31.11,"l":31.04,"v":3005.0,"Time":"2020-11-24T14:55:00Z","Interval":"5min","Figi":"BBG000BKYDP9"}
{"o":31.04,"c":31.12,"h":31.12,"l":31.04,"v":3105.0,"Time":"2020-11-24T14:55:00Z","Interval":"5min","Figi":"BBG000BKYDP9"}
{"o":31.04,"c":31.12,"h":31.12,"l":31.04,"v":3305.0,"Time":"2020-11-24T14:55:00Z","Interval":"5min","Figi":"BBG000BKYDP9"}
{"o":31.04,"c":31.12,"h":31.12,"l":31.04,"v":3405.0,"Time":"2020-11-24T14:55:00Z","Interval":"5min","Figi":"BBG000BKYDP9"}
{"o":31.04,"c":31.12,"h":31.12,"l":31.04,"v":3605.0,"Time":"2020-11-24T14:55:00Z","Interval":"5min","Figi":"BBG000BKYDP9"}
{"o":31.04,"c":31.11,"h":31.12,"l":31.04,"v":3805.0,"Time":"2020-11-24T14:55:00Z","Interval":"5min","Figi":"BBG000BKYDP9"}
{"o":31.04,"c":31.11,"h":31.12,"l":31.04,"v":3806.0,"Time":"2020-11-24T14:55:00Z","Interval":"5min","Figi":"BBG000BKYDP9"}
{"o":31.04,"c":31.11,"h":31.12,"l":31.04,"v":3903.0,"Time":"2020-11-24T14:55:00Z","Interval":"5min","Figi":"BBG000BKYDP9"}
{"o":31.04,"c":31.11,"h":31.12,"l":31.04,"v":4003.0,"Time":"2020-11-24T14:55:00Z","Interval":"5min","Figi":"BBG000BKYDP9"}
{"o":31.04,"c":31.11,"h":31.12,"l":31.04,"v":4004.0,"Time":"2020-11-24T14:55:00Z","Interval":"5min","Figi":"BBG000BKYDP9"}
{"o":31.04,"c":31.11,"h":31.12,"l":31.04,"v":4105.0,"Time":"2020-11-24T14:55:00Z","Interval":"5min","Figi":"BBG000BKYDP9"}
{"o":31.04,"c":31.11,"h":31.12,"l":31.04,"v":4415.0,"Time":"2020-11-24T14:55:00Z","Interval":"5min","Figi":"BBG000BKYDP9"}
{"o":31.04,"c":31.1,"h":31.12,"l":31.04,"v":4615.0,"Time":"2020-11-24T14:55:00Z","Interval":"5min","Figi":"BBG000BKYDP9"}
{"o":31.04,"c":31.09,"h":31.12,"l":31.04,"v":4977.0,"Time":"2020-11-24T14:55:00Z","Interval":"5min","Figi":"BBG000BKYDP9"}
{"o":31.04,"c":31.1,"h":31.12,"l":31.04,"v":5677.0,"Time":"2020-11-24T14:55:00Z","Interval":"5min","Figi":"BBG000BKYDP9"}
{"o":31.04,"c":31.11,"h":31.12,"l":31.04,"v":6280.0,"Time":"2020-11-24T14:55:00Z","Interval":"5min","Figi":"BBG000BKYDP9"}
{"o":31.04,"c":31.11,"h":31.12,"l":31.04,"v":6343.0,"Time":"2020-11-24T14:55:00Z","Interval":"5min","Figi":"BBG000BKYDP9"}
{"o":31.04,"c":31.11,"h":31.12,"l":31.04,"v":6445.0,"Time":"2020-11-24T14:55:00Z","Interval":"5min","Figi":"BBG000BKYDP9"}
{"o":31.04,"c":31.11,"h":31.12,"l":31.04,"v":6645.0,"Time":"2020-11-24T14:55:00Z","Interval":"5min","Figi":"BBG000BKYDP9"}
{"o":31.04,"c":31.1,"h":31.12,"l":31.04,"v":6646.0,"Time":"2020-11-24T14:55:00Z","Interval":"5min","Figi":"BBG000BKYDP9"}
{"o":31.04,"c":31.11,"h":31.12,"l":31.04,"v":6746.0,"Time":"2020-11-24T14:55:00Z","Interval":"5min","Figi":"BBG000BKYDP9"}
{"o":31.04,"c":31.11,"h":31.12,"l":31.04,"v":6946.0,"Time":"2020-11-24T14:55:00Z","Interval":"5min","Figi":"BBG000BKYDP9"}
{"o":31.04,"c":31.09,"h":31.12,"l":31.04,"v":6968.0,"Time":"2020-11-24T14:55:00Z","Interval":"5min","Figi":"BBG000BKYDP9"}
{"o":31.04,"c":31.09,"h":31.12,"l":31.04,"v":7046.0,"Time":"2020-11-24T14:55:00Z","Interval":"5min","Figi":"BBG000BKYDP9"}
{"o":31.04,"c":31.09,"h":31.12,"l":31.04,"v":7068.0,"Time":"2020-11-24T14:55:00Z","Interval":"5min","Figi":"BBG000BKYDP9"}
{"o":31.04,"c":31.08,"h":31.12,"l":31.04,"v":7168.0,"Time":"2020-11-24T14:55:00Z","Interval":"5min","Figi":"BBG000BKYDP9"}
{"o":31.04,"c":31.09,"h":31.12,"l":31.04,"v":7268.0,"Time":"2020-11-24T14:55:00Z","Interval":"5min","Figi":"BBG000BKYDP9"}
{"o":31.04,"c":31.09,"h":31.12,"l":31.04,"v":7269.0,"Time":"2020-11-24T14:55:00Z","Interval":"5min","Figi":"BBG000BKYDP9"}
{"o":31.04,"c":31.09,"h":31.12,"l":31.04,"v":7270.0,"Time":"2020-11-24T14:55:00Z","Interval":"5min","Figi":"BBG000BKYDP9"}
{"o":31.04,"c":31.09,"h":31.12,"l":31.04,"v":7370.0,"Time":"2020-11-24T14:55:00Z","Interval":"5min","Figi":"BBG000BKYDP9"}
{"o":31.04,"c":31.06,"h":31.12,"l":31.04,"v":7570.0,"Time":"2020-11-24T14:55:00Z","Interval":"5min","Figi":"BBG000BKYDP9"}
{"o":31.04,"c":31.06,"h":31.12,"l":31.04,"v":7732.0,"Time":"2020-11-24T14:55:00Z","Interval":"5min","Figi":"BBG000BKYDP9"}
{"o":31.04,"c":31.05,"h":31.12,"l":31.04,"v":8032.0,"Time":"2020-11-24T14:55:00Z","Interval":"5min","Figi":"BBG000BKYDP9"}
{"o":31.04,"c":31.03,"h":31.12,"l":31.03,"v":8333.0,"Time":"2020-11-24T14:55:00Z","Interval":"5min","Figi":"BBG000BKYDP9"}
{"o":31.04,"c":31.03,"h":31.12,"l":31.03,"v":8433.0,"Time":"2020-11-24T14:55:00Z","Interval":"5min","Figi":"BBG000BKYDP9"}
{"o":31.04,"c":31.03,"h":31.12,"l":31.03,"v":9171.0,"Time":"2020-11-24T14:55:00Z","Interval":"5min","Figi":"BBG000BKYDP9"}
{"o":31.04,"c":31.04,"h":31.12,"l":31.03,"v":9578.0,"Time":"2020-11-24T14:55:00Z","Interval":"5min","Figi":"BBG000BKYDP9"}
{"o":31.04,"c":31.05,"h":31.12,"l":31.03,"v":9678.0,"Time":"2020-11-24T14:55:00Z","Interval":"5min","Figi":"BBG000BKYDP9"}
{"o":31.04,"c":31.05,"h":31.12,"l":31.03,"v":9778.0,"Time":"2020-11-24T14:55:00Z","Interval":"5min","Figi":"BBG000BKYDP9"}
{"o":31.04,"c":31.05,"h":31.12,"l":31.03,"v":10240.0,"Time":"2020-11-24T14:55:00Z","Interval":"5min","Figi":"BBG000BKYDP9"}
{"o":31.04,"c":31.05,"h":31.12,"l":31.03,"v":10940.0,"Time":"2020-11-24T14:55:00Z","Interval":"5min","Figi":"BBG000BKYDP9"}
{"o":31.04,"c":31.05,"h":31.12,"l":31.03,"v":11140.0,"Time":"2020-11-24T14:55:00Z","Interval":"5min","Figi":"BBG000BKYDP9"}
{"o":31.04,"c":31.05,"h":31.12,"l":31.03,"v":11240.0,"Time":"2020-11-24T14:55:00Z","Interval":"5min","Figi":"BBG000BKYDP9"}
{"o":31.04,"c":31.05,"h":31.12,"l":31.03,"v":11402.0,"Time":"2020-11-24T14:55:00Z","Interval":"5min","Figi":"BBG000BKYDP9"}
{"o":31.04,"c":31.05,"h":31.12,"l":31.03,"v":11840.0,"Time":"2020-11-24T14:55:00Z","Interval":"5min","Figi":"BBG000BKYDP9"}
{"o":31.04,"c":31.06,"h":31.12,"l":31.03,"v":12240.0,"Time":"2020-11-24T14:55:00Z","Interval":"5min","Figi":"BBG000BKYDP9"}
{"o":31.04,"c":31.07,"h":31.12,"l":31.03,"v":12537.0,"Time":"2020-11-24T14:55:00Z","Interval":"5min","Figi":"BBG000BKYDP9"}
{"o":31.04,"c":31.07,"h":31.12,"l":31.03,"v":12737.0,"Time":"2020-11-24T14:55:00Z","Interval":"5min","Figi":"BBG000BKYDP9"}
{"o":31.04,"c":31.06,"h":31.12,"l":31.03,"v":12743.0,"Time":"2020-11-24T14:55:00Z","Interval":"5min","Figi":"BBG000BKYDP9"}
{"o":31.04,"c":31.06,"h":31.12,"l":31.03,"v":12843.0,"Time":"2020-11-24T14:55:00Z","Interval":"5min","Figi":"BBG000BKYDP9"}
{"o":31.04,"c":31.06,"h":31.12,"l":31.03,"v":13043.0,"Time":"2020-11-24T14:55:00Z","Interval":"5min","Figi":"BBG000BKYDP9"}
{"o":31.04,"c":31.06,"h":31.12,"l":31.03,"v":13328.0,"Time":"2020-11-24T14:55:00Z","Interval":"5min","Figi":"BBG000BKYDP9"}
{"o":31.04,"c":31.06,"h":31.12,"l":31.03,"v":13603.0,"Time":"2020-11-24T14:55:00Z","Interval":"5min","Figi":"BBG000BKYDP9"}
{"o":31.04,"c":31.06,"h":31.12,"l":31.03,"v":13828.0,"Time":"2020-11-24T14:55:00Z","Interval":"5min","Figi":"BBG000BKYDP9"}
{"o":31.04,"c":31.06,"h":31.12,"l":31.03,"v":14028.0,"Time":"2020-11-24T14:55:00Z","Interval":"5min","Figi":"BBG000BKYDP9"}
{"o":31.04,"c":31.07,"h":31.12,"l":31.03,"v":14229.0,"Time":"2020-11-24T14:55:00Z","Interval":"5min","Figi":"BBG000BKYDP9"}
{"o":31.04,"c":31.08,"h":31.12,"l":31.03,"v":14230.0,"Time":"2020-11-24T14:55:00Z","Interval":"5min","Figi":"BBG000BKYDP9"}
{"o":31.04,"c":31.08,"h":31.12,"l":31.03,"v":14231.0,"Time":"2020-11-24T14:55:00Z","Interval":"5min","Figi":"BBG000BKYDP9"}
{"o":31.04,"c":31.08,"h":31.12,"l":31.03,"v":14331.0,"Time":"2020-11-24T14:55:00Z","Interval":"5min","Figi":"BBG000BKYDP9"}
{"o":31.04,"c":31.09,"h":31.12,"l":31.03,"v":14432.0,"Time":"2020-11-24T14:55:00Z","Interval":"5min","Figi":"BBG000BKYDP9"}
{"o":31.04,"c":31.09,"h":31.12,"l":31.03,"v":14531.0,"Time":"2020-11-24T14:55:00Z","Interval":"5min","Figi":"BBG000BKYDP9"}
{"o":31.04,"c":31.09,"h":31.12,"l":31.03,"v":14833.0,"Time":"2020-11-24T14:55:00Z","Interval":"5min","Figi":"BBG000BKYDP9"}
{"o":31.04,"c":31.08,"h":31.12,"l":31.03,"v":14835.0,"Time":"2020-11-24T14:55:00Z","Interval":"5min","Figi":"BBG000BKYDP9"}
{"o":31.04,"c":31.09,"h":31.12,"l":31.03,"v":15235.0,"Time":"2020-11-24T14:55:00Z","Interval":"5min","Figi":"BBG000BKYDP9"}
{"o":31.04,"c":31.09,"h":31.12,"l":31.03,"v":15639.0,"Time":"2020-11-24T14:55:00Z","Interval":"5min","Figi":"BBG000BKYDP9"}
{"o":31.04,"c":31.09,"h":31.12,"l":31.03,"v":15682.0,"Time":"2020-11-24T14:55:00Z","Interval":"5min","Figi":"BBG000BKYDP9"}
{"o":31.04,"c":31.09,"h":31.12,"l":31.03,"v":15839.0,"Time":"2020-11-24T14:55:00Z","Interval":"5min","Figi":"BBG000BKYDP9"}
{"o":31.04,"c":31.1,"h":31.12,"l":31.03,"v":15939.0,"Time":"2020-11-24T14:55:00Z","Interval":"5min","Figi":"BBG000BKYDP9"}
{"o":31.04,"c":31.1,"h":31.12,"l":31.03,"v":15940.0,"Time":"2020-11-24T14:55:00Z","Interval":"5min","Figi":"BBG000BKYDP9"}
{"o":31.04,"c":31.09,"h":31.12,"l":31.03,"v":16969.0,"Time":"2020-11-24T14:55:00Z","Interval":"5min","Figi":"BBG000BKYDP9"}
{"o":31.04,"c":31.08,"h":31.12,"l":31.03,"v":17526.0,"Time":"2020-11-24T14:55:00Z","Interval":"5min","Figi":"BBG000BKYDP9"}
{"o":31.08,"c":31.08,"h":31.08,"l":31.08,"v":100.0,"Time":"2020-11-24T15:00:00Z","Interval":"5min","Figi":"BBG000BKYDP9"}
{"o":31.08,"c":31.08,"h":31.08,"l":31.08,"v":200.0,"Time":"2020-11-24T15:00:00Z","Interval":"5min","Figi":"BBG000BKYDP9"}
{"o":31.08,"c":31.08,"h":31.08,"l":31.08,"v":201.0,"Time":"2020-11-24T15:00:00Z","Interval":"5min","Figi":"BBG000BKYDP9"}
{"o":31.08,"c":31.08,"h":31.08,"l":31.08,"v":228.0,"Time":"2020-11-24T15:00:00Z","Interval":"5min","Figi":"BBG000BKYDP9"}
{"o":31.08,"c":31.08,"h":31.08,"l":31.08,"v":328.0,"Time":"2020-11-24T15:00:00Z","Interval":"5min","Figi":"BBG000BKYDP9"}
{"o":31.08,"c":31.09,"h":31.09,"l":31.08,"v":1428.0,"Time":"2020-11-24T15:00:00Z","Interval":"5min","Figi":"BBG000BKYDP9"}
{"o":31.08,"c":31.1,"h":31.1,"l":31.08,"v":1731.0,"Time":"2020-11-24T15:00:00Z","Interval":"5min","Figi":"BBG000BKYDP9"}
{"o":31.08,"c":31.12,"h":31.12,"l":31.08,"v":2602.0,"Time":"2020-11-24T15:00:00Z","Interval":"5min","Figi":"BBG000BKYDP9"}
{"o":31.08,"c":31.12,"h":31.12,"l":31.08,"v":2702.0,"Time":"2020-11-24T15:00:00Z","Interval":"5min","Figi":"BBG000BKYDP9"}
{"o":31.08,"c":31.12,"h":31.12,"l":31.08,"v":3002.0,"Time":"2020-11-24T15:00:00Z","Interval":"5min","Figi":"BBG000BKYDP9"}
{"o":31.08,"c":31.12,"h":31.12,"l":31.08,"v":3278.0,"Time":"2020-11-24T15:00:00Z","Interval":"5min","Figi":"BBG000BKYDP9"}
{"o":31.08,"c":31.12,"h":31.12,"l":31.08,"v":3578.0,"Time":"2020-11-24T15:00:00Z","Interval":"5min","Figi":"BBG000BKYDP9"}
{"o":31.08,"c":31.12,"h":31.12,"l":31.08,"v":3878.0,"Time":"2020-11-24T15:00:00Z","Interval":"5min","Figi":"BBG000BKYDP9"}
{"o":31.08,"c":31.12,"h":31.12,"l":31.08,"v":3978.0,"Time":"2020-11-24T15:00:00Z","Interval":"5min","Figi":"BBG000BKYDP9"}
{"o":31.08,"c":31.11,"h":31.12,"l":31.08,"v":4178.0,"Time":"2020-11-24T15:00:00Z","Interval":"5min","Figi":"BBG000BKYDP9"}
{"o":31.08,"c":31.09,"h":31.12,"l":31.08,"v":4478.0,"Time":"2020-11-24T15:00:00Z","Interval":"5min","Figi":"BBG000BKYDP9"}
{"o":31.08,"c":31.08,"h":31.12,"l":31.08,"v":5278.0,"Time":"2020-11-24T15:00:00Z","Interval":"5min","Figi":"BBG000BKYDP9"}
{"o":31.08,"c":31.09,"h":31.12,"l":31.08,"v":5678.0,"Time":"2020-11-24T15:00:00Z","Interval":"5min","Figi":"BBG000BKYDP9"}
{"o":31.08,"c":31.1,"h":31.12,"l":31.08,"v":6156.0,"Time":"2020-11-24T15:00:00Z","Interval":"5min","Figi":"BBG000BKYDP9"}
{"o":31.08,"c":31.1,"h":31.12,"l":31.08,"v":6159.0,"Time":"2020-11-24T15:00:00Z","Interval":"5min","Figi":"BBG000BKYDP9"}
{"o":31.08,"c":31.1,"h":31.12,"l":31.08,"v":6160.0,"Time":"2020-11-24T15:00:00Z","Interval":"5min","Figi":"BBG000BKYDP9"}
{"o":31.08,"c":31.09,"h":31.12,"l":31.08,"v":6260.0,"Time":"2020-11-24T15:00:00Z","Interval":"5min","Figi":"BBG000BKYDP9"}
{"o":31.08,"c":31.09,"h":31.12,"l":31.08,"v":6360.0,"Time":"2020-11-24T15:00:00Z","Interval":"5min","Figi":"BBG000BKYDP9"}
{"o":31.08,"c":31.09,"h":31.12,"l":31.08,"v":6460.0,"Time":"2020-11-24T15:00:00Z","Interval":"5min","Figi":"BBG000BKYDP9"}
{"o":31.08,"c":31.08,"h":31.12,"l":31.08,"v":6464.0,"Time":"2020-11-24T15:00:00Z","Interval":"5min","Figi":"BBG000BKYDP9"}
{"o":31.08,"c":31.08,"h":31.12,"l":31.08,"v":6564.0,"Time":"2020-11-24T15:00:00Z","Interval":"5min","Figi":"BBG000BKYDP9"}
{"o":31.08,"c":31.08,"h":31.12,"l":31.08,"v":6764.0,"Time":"2020-11-24T15:00:00Z","Interval":"5min","Figi":"BBG000BKYDP9"}
{"o":31.08,"c":31.08,"h":31.12,"l":31.08,"v":6767.0,"Time":"2020-11-24T15:00:00Z","Interval":"5min","Figi":"BBG000BKYDP9"}
{"o":31.08,"c":31.07,"h":31.12,"l":31.07,"v":6968.0,"Time":"2020-11-24T15:00:00Z","Interval":"5min","Figi":"BBG000BKYDP9"}
{"o":31.08,"c":31.08,"h":31.12,"l":31.07,"v":6969.0,"Time":"2020-11-24T15:00:00Z","Interval":"5min","Figi":"BBG000BKYDP9"}
{"o":31.08,"c":31.08,"h":31.12,"l":31.07,"v":7268.0,"Time":"2020-11-24T15:00:00Z","Interval":"5min","Figi":"BBG000BKYDP9"}
{"o":31.08,"c":31.08,"h":31.12,"l":31.07,"v":7464.0,"Time":"2020-11-24T15:00:00Z","Interval":"5min","Figi":"BBG000BKYDP9"}
{"o":31.08,"c":31.08,"h":31.12,"l":31.07,"v":7668.0,"Time":"2020-11-24T15:00:00Z","Interval":"5min","Figi":"BBG000BKYDP9"}
{"o":31.08,"c":31.08,"h":31.12,"l":31.07,"v":7938.0,"Time":"2020-11-24T15:00:00Z","Interval":"5min","Figi":"BBG000BKYDP9"}
{"o":31.08,"c":31.08,"h":31.12,"l":31.07,"v":8068.0,"Time":"2020-11-24T15:00:00Z","Interval":"5min","Figi":"BBG000BKYDP9"}
{"o":31.08,"c":31.07,"h":31.12,"l":31.07,"v":8168.0,"Time":"2020-11-24T15:00:00Z","Interval":"5min","Figi":"BBG000BKYDP9"}
{"o":31.08,"c":31.06,"h":31.12,"l":31.06,"v":8249.0,"Time":"2020-11-24T15:00:00Z","Interval":"5min","Figi":"BBG000BKYDP9"}
{"o":31.08,"c":31.06,"h":31.12,"l":31.06,"v":8334.0,"Time":"2020-11-24T15:00:00Z","Interval":"5min","Figi":"BBG000BKYDP9"}
{"o":31.08,"c":31.04,"h":31.12,"l":31.04,"v":8534.0,"Time":"2020-11-24T15:00:00Z","Interval":"5min","Figi":"BBG000BKYDP9"}
{"o":31.08,"c":31.04,"h":31.12,"l":31.04,"v":8805.0,"Time":"2020-11-24T15:00:00Z","Interval":"5min","Figi":"BBG000BKYDP9"}
{"o":31.08,"c":31.06,"h":31.12,"l":31.04,"v":9007.0,"Time":"2020-11-24T15:00:00Z","Interval":"5min","Figi":"BBG000BKYDP9"}
{"o":31.08,"c":31.07,"h":31.12,"l":31.04,"v":9107.0,"Time":"2020-11-24T15:00:00Z","Interval":"5min","Figi":"BBG000BKYDP9"}
{"o":31.08,"c":31.08,"h":31.12,"l":31.04,"v":9109.0,"Time":"2020-11-24T15:00:00Z","Interval":"5min","Figi":"BBG000BKYDP9"}
{"o":31.08,"c":31.08,"h":31.12,"l":31.04,"v":9310.0,"Time":"2020-11-24T15:00:00Z","Interval":"5min","Figi":"BBG000BKYDP9"}
{"o":31.08,"c":31.08,"h":31.12,"l":31.04,"v":9345.0,"Time":"2020-11-24T15:00:00Z","Interval":"5min","Figi":"BBG000BKYDP9"}
{"o":31.08,"c":31.08,"h":31.12,"l":31.04,"v":9444.0,"Time":"2020-11-24T15:00:00Z","Interval":"5min","Figi":"BBG000BKYDP9"}
{"o":31.08,"c":31.08,"h":31.12,"l":31.04,"v":9544.0,"Time":"2020-11-24T15:00:00Z","Interval":"5min","Figi":"BBG000BKYDP9"}
{"o":31.08,"c":31.08,"h":31.12,"l":31.04,"v":9608.0,"Time":"2020-11-24T15:00:00Z","Interval":"5min","Figi":"BBG000BKYDP9"}
{"o":31.08,"c":31.08,"h":31.12,"l":31.04,"v":9744.0,"Time":"2020-11-24T15:00:00Z","Interval":"5min","Figi":"BBG000BKYDP9"}
{"o":31.08,"c":31.08,"h":31.12,"l":31.04,"v":10044.0,"Time":"2020-11-24T15:00:00Z","Interval":"5min","Figi":"BBG000BKYDP9"}
{"o":31.08,"c":31.09,"h":31.12,"l":31.04,"v":10144.0,"Time":"2020-11-24T15:00:00Z","Interval":"5min","Figi":"BBG000BKYDP9"}
{"o":31.08,"c":31.09,"h":31.12,"l":31.04,"v":10334.0,"Time":"2020-11-24T15:00:00Z","Interval":"5min","Figi":"BBG000BKYDP9"}
{"o":31.08,"c":31.1,"h":31.12,"l":31.04,"v":10534.0,"Time":"2020-11-24T15:00:00Z","Interval":"5min","Figi":"BBG000BKYDP9"}
{"o":31.08,"c":31.1,"h":31.12,"l":31.04,"v":10634.0,"Time":"2020-11-24T15:00:00Z","Interval":"5min","Figi":"BBG000BKYDP9"}
{"o":31.08,"c":31.09,"h":31.12,"l":31.04,"v":10734.0,"Time":"2020-11-24T15:00:00Z","Interval":"5min","Figi":"BBG000BKYDP9"}
{"o":31.08,"c":31.09,"h":31.12,"l":31.04,"v":10735.0,"Time":"2020-11-24T15:00:00Z","Interval":"5min","Figi":"BBG000BKYDP9"}
{"o":31.08,"c":31.08,"h":31.12,"l":31.04,"v":11000.0,"Time":"2020-11-24T15:00:00Z","Interval":"5min","Figi":"BBG000BKYDP9"}
{"o":31.08,"c":31.08,"h":31.12,"l":31.04,"v":11195.0,"Time":"2020-11-24T15:00:00Z","Interval":"5min","Figi":"BBG000BKYDP9"}
{"o":31.08,"c":31.08,"h":31.12,"l":31.04,"v":11295.0,"Time":"2020-11-24T15:00:00Z","Interval":"5min","Figi":"BBG000BKYDP9"}
{"o":31.08,"c":31.08,"h":31.12,"l":31.04,"v":11495.0,"Time":"2020-11-24T15:00:00Z","Interval":"5min","Figi":"BBG000BKYDP9"}
{"o":31.08,"c":31.09,"h":31.12,"l":31.04,"v":11695.0,"Time":"2020-11-24T15:00:00Z","Interval":"5min","Figi":"BBG000BKYDP9"}
{"o":31.08,"c":31.09,"h":31.12,"l":31.04,"v":11795.0,"Time":"2020-11-24T15:00:00Z","Interval":"5min","Figi":"BBG000BKYDP9"}
{"o":31.08,"c":31.1,"h":31.12,"l":31.04,"v":11895.0,"Time":"2020-11-24T15:00:00Z","Interval":"5min","Figi":"BBG000BKYDP9"}
{"o":31.08,"c":31.09,"h":31.12,"l":31.04,"v":11995.0,"Time":"2020-11-24T15:00:00Z","Interval":"5min","Figi":"BBG000BKYDP9"}
{"o":31.08,"c":31.08,"h":31.12,"l":31.04,"v":12100.0,"Time":"2020-11-24T15:00:00Z","Interval":"5min","Figi":"BBG000BKYDP9"}
{"o":31.08,"c":31.09,"h":31.12,"l":31.04,"v":12201.0,"Time":"2020-11-24T15:00:00Z","Interval":"5min","Figi":"BBG000BKYDP9"}
{"o":31.08,"c":31.1,"h":31.12,"l":31.04,"v":12203.0,"Time":"2020-11-24T15:00:00Z","Interval":"5min","Figi":"BBG000BKYDP9"}
{"o":31.08,"c":31.1,"h":31.12,"l":31.04,"v":12985.0,"Time":"2020-11-24T15:00:00Z","Interval":"5min","Figi":"BBG000BKYDP9"}
{"o":31.08,"c":31.1,"h":31.12,"l":31.04,"v":13282.0,"Time":"2020-11-24T15:00:00Z","Interval":"5min","Figi":"BBG000BKYDP9"}
{"o":31.08,"c":31.1,"h":31.12,"l":31.04,"v":13285.0,"Time":"2020-11-24T15:00:00Z","Interval":"5min","Figi":"BBG000BKYDP9"}
{"o":31.08,"c":31.11,"h":31.12,"l":31.04,"v":13382.0,"Time":"2020-11-24T15:00:00Z","Interval":"5min","Figi":"BBG000BKYDP9"}
{"o":31.08,"c":31.12,"h":31.12,"l":31.04,"v":13426.0,"Time":"2020-11-24T15:00:00Z","Interval":"5min","Figi":"BBG000BKYDP9"}
{"o":31.08,"c":31.1,"h":31.12,"l":31.04,"v":13427.0,"Time":"2020-11-24T15:00:00Z","Interval":"5min","Figi":"BBG000BKYDP9"}
{"o":31.08,"c":31.1,"h":31.12,"l":31.04,"v":13627.0,"Time":"2020-11-24T15:00:00Z","Interval":"5min","Figi":"BBG000BKYDP9"}
{"o":31.08,"c":31.11,"h":31.12,"l":31.04,"v":13727.0,"Time":"2020-11-24T15:00:00Z","Interval":"5min","Figi":"BBG000BKYDP9"}
{"o":31.08,"c":31.11,"h":31.12,"l":31.04,"v":13927.0,"Time":"2020-11-24T15:00:00Z","Interval":"5min","Figi":"BBG000BKYDP9"}
{"o":31.08,"c":31.11,"h":31.12,"l":31.04,"v":14327.0,"Time":"2020-11-24T15:00:00Z","Interval":"5min","Figi":"BBG000BKYDP9"}
{"o":31.08,"c":31.11,"h":31.12,"l":31.04,"v":14527.0,"Time":"2020-11-24T15:00:00Z","Interval":"5min","Figi":"BBG000BKYDP9"}
{"o":31.08,"c":31.12,"h":31.12,"l":31.04,"v":14627.0,"Time":"2020-11-24T15:00:00Z","Interval":"5min","Figi":"BBG000BKYDP9"}
{"o":31.08,"c":31.12,"h":31.12,"l":31.04,"v":14827.0,"Time":"2020-11-24T15:00:00Z","Interval":"5min","Figi":"BBG000BKYDP9"}
{"o":31.08,"c":31.11,"h":31.12,"l":31.04,"v":15027.0,"Time":"2020-11-24T15:00:00Z","Interval":"5min","Figi":"BBG000BKYDP9"}
{"o":31.08,"c":31.11,"h":31.12,"l":31.04,"v":15127.0,"Time":"2020-11-24T15:00:00Z","Interval":"5min","Figi":"BBG000BKYDP9"}
{"o":31.08,"c":31.11,"h":31.12,"l":31.04,"v":15227.0,"Time":"2020-11-24T15:00:00Z","Interval":"5min","Figi":"BBG000BKYDP9"}
{"o":31.08,"c":31.1,"h":31.12,"l":31.04,"v":15327.0,"Time":"2020-11-24T15:00:00Z","Interval":"5min","Figi":"BBG000BKYDP9"}
{"o":31.08,"c":31.11,"h":31.12,"l":31.04,"v":15427.0,"Time":"2020-11-24T15:00:00Z","Interval":"5min","Figi":"BBG000BKYDP9"}
{"o":31.08,"c":31.1,"h":31.12,"l":31.04,"v":15527.0,"Time":"2020-11-24T15:00:00Z","Interval":"5min","Figi":"BBG000BKYDP9"}
{"o":31.08,"c":31.1,"h":31.12,"l":31.04,"v":15627.0,"Time":"2020-11-24T15:00:00Z","Interval":"5min","Figi":"BBG000BKYDP9"}
{"o":31.08,"c":31.1,"h":31.12,"l":31.04,"v":15794.0,"Time":"2020-11-24T15:00:00Z","Interval":"5min","Figi":"BBG000BKYDP9"}
{"o":31.08,"c":31.11,"h":31.12,"l":31.04,"v":15795.0,"Time":"2020-11-24T15:00:00Z","Interval":"5min","Figi":"BBG000BKYDP9"}
{"o":31.08,"c":31.11,"h":31.12,"l":31.04,"v":15876.0,"Time":"2020-11-24T15:00:00Z","Interval":"5min","Figi":"BBG000BKYDP9"}
{"o":31.08,"c":31.11,"h":31.12,"l":31.04,"v":15976.0,"Time":"2020-11-24T15:00:00Z","Interval":"5min","Figi":"BBG000BKYDP9"}
{"o":31.08,"c":31.12,"h":31.12,"l":31.04,"v":16077.0,"Time":"2020-11-24T15:00:00Z","Interval":"5min","Figi":"BBG000BKYDP9"}
{"o":31.08,"c":31.13,"h":31.13,"l":31.04,"v":16182.0,"Time":"2020-11-24T15:00:00Z","Interval":"5min","Figi":"BBG000BKYDP9"}
{"o":31.08,"c":31.14,"h":31.14,"l":31.04,"v":16282.0,"Time":"2020-11-24T15:00:00Z","Interval":"5min","Figi":"BBG000BKYDP9"}
{"o":31.08,"c":31.15,"h":31.15,"l":31.04,"v":16382.0,"Time":"2020-11-24T15:00:00Z","Interval":"5min","Figi":"BBG000BKYDP9"}
{"o":31.08,"c":31.16,"h":31.16,"l":31.04,"v":16383.0,"Time":"2020-11-24T15:00:00Z","Interval":"5min","Figi":"BBG000BKYDP9"}
{"o":31.08,"c":31.15,"h":31.16,"l":31.04,"v":16483.0,"Time":"2020-11-24T15:00:00Z","Interval":"5min","Figi":"BBG000BKYDP9"}
{"o":31.16,"c":31.16,"h":31.16,"l":31.16,"v":1.0,"Time":"2020-11-24T15:05:00Z","Interval":"5min","Figi":"BBG000BKYDP9"}
{"o":31.16,"c":31.16,"h":31.16,"l":31.16,"v":101.0,"Time":"2020-11-24T15:05:00Z","Interval":"5min","Figi":"BBG000BKYDP9"}
{"o":31.16,"c":31.16,"h":31.16,"l":31.16,"v":102.0,"Time":"2020-11-24T15:05:00Z","Interval":"5min","Figi":"BBG000BKYDP9"}
{"o":31.16,"c":31.16,"h":31.16,"l":31.16,"v":202.0,"Time":"2020-11-24T15:05:00Z","Interval":"5min","Figi":"BBG000BKYDP9"}
{"o":31.16,"c":31.17,"h":31.17,"l":31.16,"v":302.0,"Time":"2020-11-24T15:05:00Z","Interval":"5min","Figi":"BBG000BKYDP9"}
{"o":31.16,"c":31.17,"h":31.17,"l":31.16,"v":502.0,"Time":"2020-11-24T15:05:00Z","Interval":"5min","Figi":"BBG000BKYDP9"}
{"o":31.16,"c":31.15,"h":31.17,"l":31.15,"v":512.0,"Time":"2020-11-24T15:05:00Z","Interval":"5min","Figi":"BBG000BKYDP9"}
{"o":31.16,"c":31.15,"h":31.17,"l":31.15,"v":602.0,"Time":"2020-11-24T15:05:00Z","Interval":"5min","Figi":"BBG000BKYDP9"}
{"o":31.16,"c":31.15,"h":31.17,"l":31.15,"v":702.0,"Time":"2020-11-24T15:05:00Z","Interval":"5min","Figi":"BBG000BKYDP9"}
{"o":31.16,"c":31.15,"h":31.17,"l":31.15,"v":803.0,"Time":"2020-11-24T15:05:00Z","Interval":"5min","Figi":"BBG000BKYDP9"}
{"o":31.16,"c":31.16,"h":31.17,"l":31.15,"v":1003.0,"Time":"2020-11-24T15:05:00Z","Interval":"5min","Figi":"BBG000BKYDP9"}
{"o":31.16,"c":31.16,"h":31.17,"l":31.15,"v":1010.0,"Time":"2020-11-24T15:05:00Z","Interval":"5min","Figi":"BBG000BKYDP9"}
{"o":31.16,"c":31.16,"h":31.17,"l":31.15,"v":1110.0,"Time":"2020-11-24T15:05:00Z","Interval":"5min","Figi":"BBG000BKYDP9"}
{"o":31.16,"c":31.17,"h":31.17,"l":31.15,"v":1510.0,"Time":"2020-11-24T15:05:00Z","Interval":"5min","Figi":"BBG000BKYDP9"}
{"o":31.16,"c":31.17,"h":31.17,"l":31.15,"v":1610.0,"Time":"2020-11-24T15:05:00Z","Interval":"5min","Figi":"BBG000BKYDP9"}
{"o":31.16,"c":31.17,"h":31.17,"l":31.15,"v":1710.0,"Time":"2020-11-24T15:05:00Z","Interval":"5min","Figi":"BBG000BKYDP9"}
{"o":31.16,"c":31.16,"h":31.17,"l":31.15,"v":1810.0,"Time":"2020-11-24T15:05:00Z","Interval":"5min","Figi":"BBG000BKYDP9"}
{"o":31.16,"c":31.17,"h":31.17,"l":31.15,"v":1910.0,"Time":"2020-11-24T15:05:00Z","Interval":"5min","Figi":"BBG000BKYDP9"}
{"o":31.16,"c":31.17,"h":31.17,"l":31.15,"v":2010.0,"Time":"2020-11-24T15:05:00Z","Interval":"5min","Figi":"BBG000BKYDP9"}
{"o":31.16,"c":31.17,"h":31.17,"l":31.15,"v":2310.0,"Time":"2020-11-24T15:05:00Z","Interval":"5min","Figi":"BBG000BKYDP9"}
{"o":31.16,"c":31.17,"h":31.17,"l":31.15,"v":2311.0,"Time":"2020-11-24T15:05:00Z","Interval":"5min","Figi":"BBG000BKYDP9"}
{"o":31.16,"c":31.18,"h":31.18,"l":31.15,"v":2511.0,"Time":"2020-11-24T15:05:00Z","Interval":"5min","Figi":"BBG000BKYDP9"}
{"o":31.16,"c":31.18,"h":31.18,"l":31.15,"v":2571.0,"Time":"2020-11-24T15:05:00Z","Interval":"5min","Figi":"BBG000BKYDP9"}
{"o":31.16,"c":31.18,"h":31.18,"l":31.15,"v":2778.0,"Time":"2020-11-24T15:05:00Z","Interval":"5min","Figi":"BBG000BKYDP9"}
{"o":31.16,"c":31.19,"h":31.19,"l":31.15,"v":2779.0,"Time":"2020-11-24T15:05:00Z","Interval":"5min","Figi":"BBG000BKYDP9"}
{"o":31.16,"c":31.19,"h":31.19,"l":31.15,"v":3078.0,"Time":"2020-11-24T15:05:00Z","Interval":"5min","Figi":"BBG000BKYDP9"}
{"o":31.16,"c":31.19,"h":31.19,"l":31.15,"v":3378.0,"Time":"2020-11-24T15:05:00Z","Interval":"5min","Figi":"BBG000BKYDP9"}
{"o":31.16,"c":31.19,"h":31.19,"l":31.15,"v":3878.0,"Time":"2020-11-24T15:05:00Z","Interval":"5min","Figi":"BBG000BKYDP9"}
{"o":31.16,"c":31.19,"h":31.19,"l":31.15,"v":4278.0,"Time":"2020-11-24T15:05:00Z","Interval":"5min","Figi":"BBG000BKYDP9"}
{"o":31.16,"c":31.19,"h":31.19,"l":31.15,"v":4377.0,"Time":"2020-11-24T15:05:00Z","Interval":"5min","Figi":"BBG000BKYDP9"}
{"o":31.16,"c":31.2,"h":31.2,"l":31.15,"v":4477.0,"Time":"2020-11-24T15:05:00Z","Interval":"5min","Figi":"BBG000BKYDP9"}
{"o":31.16,"c":31.2,"h":31.2,"l":31.15,"v":4482.0,"Time":"2020-11-24T15:05:00Z","Interval":"5min","Figi":"BBG000BKYDP9"}
{"o":31.16,"c":31.2,"h":31.2,"l":31.15,"v":4682.0,"Time":"2020-11-24T15:05:00Z","Interval":"5min","Figi":"BBG000BKYDP9"}
{"o":31.16,"c":31.2,"h":31.2,"l":31.15,"v":4700.0,"Time":"2020-11-24T15:05:00Z","Interval":"5min","Figi":"BBG000BKYDP9"}
{"o":31.16,"c":31.19,"h":31.2,"l":31.15,"v":4932.0,"Time":"2020-11-24T15:05:00Z","Interval":"5min","Figi":"BBG000BKYDP9"}
{"o":31.16,"c":31.18,"h":31.2,"l":31.15,"v":5095.0,"Time":"2020-11-24T15:05:00Z","Interval":"5min","Figi":"BBG000BKYDP9"}
{"o":31.16,"c":31.17,"h":31.2,"l":31.15,"v":5395.0,"Time":"2020-11-24T15:05:00Z","Interval":"5min","Figi":"BBG000BKYDP9"}
{"o":31.16,"c":31.17,"h":31.2,"l":31.15,"v":5495.0,"Time":"2020-11-24T15:05:00Z","Interval":"5min","Figi":"BBG000BKYDP9"}
{"o":31.16,"c":31.2,"h":31.2,"l":31.15,"v":5497.0,"Time":"2020-11-24T15:05:00Z","Interval":"5min","Figi":"BBG000BKYDP9"}
{"o":31.16,"c":31.2,"h":31.2,"l":31.15,"v":5597.0,"Time":"2020-11-24T15:05:00Z","Interval":"5min","Figi":"BBG000BKYDP9"}
{"o":31.16,"c":31.2,"h":31.2,"l":31.15,"v":5695.0,"Time":"2020-11-24T15:05:00Z","Interval":"5min","Figi":"BBG000BKYDP9"}
{"o":31.16,"c":31.2,"h":31.2,"l":31.15,"v":5700.0,"Time":"2020-11-24T15:05:00Z","Interval":"5min","Figi":"BBG000BKYDP9"}
{"o":31.16,"c":31.2,"h":31.2,"l":31.15,"v":5702.0,"Time":"2020-11-24T15:05:00Z","Interval":"5min","Figi":"BBG000BKYDP9"}
{"o":31.16,"c":31.2,"h":31.2,"l":31.15,"v":5718.0,"Time":"2020-11-24T15:05:00Z","Interval":"5min","Figi":"BBG000BKYDP9"}
{"o":31.16,"c":31.2,"h":31.2,"l":31.15,"v":5727.0,"Time":"2020-11-24T15:05:00Z","Interval":"5min","Figi":"BBG000BKYDP9"}
{"o":31.16,"c":31.2,"h":31.2,"l":31.15,"v":5797.0,"Time":"2020-11-24T15:05:00Z","Interval":"5min","Figi":"BBG000BKYDP9"}
{"o":31.16,"c":31.21,"h":31.21,"l":31.15,"v":5798.0,"Time":"2020-11-24T15:05:00Z","Interval":"5min","Figi":"BBG000BKYDP9"}
{"o":31.16,"c":31.19,"h":31.21,"l":31.15,"v":5803.0,"Time":"2020-11-24T15:05:00Z","Interval":"5min","Figi":"BBG000BKYDP9"}
{"o":31.16,"c":31.19,"h":31.21,"l":31.15,"v":5805.0,"Time":"2020-11-24T15:05:00Z","Interval":"5min","Figi":"BBG000BKYDP9"}
{"o":31.16,"c":31.19,"h":31.21,"l":31.15,"v":5987.0,"Time":"2020-11-24T15:05:00Z","Interval":"5min","Figi":"BBG000BKYDP9"}
{"o":31.16,"c":31.19,"h":31.21,"l":31.15,"v":5987.0,"Time":"2020-11-24T15:05:00Z","Interval":"5min","Figi":"BBG000BKYDP9"}
{"o":31.16,"c":31.19,"h":31.21,"l":31.15,"v":6087.0,"Time":"2020-11-24T15:05:00Z","Interval":"5min","Figi":"BBG000BKYDP9"}
{"o":31.16,"c":31.17,"h":31.21,"l":31.15,"v":6287.0,"Time":"2020-11-24T15:05:00Z","Interval":"5min","Figi":"BBG000BKYDP9"}
{"o":31.16,"c":31.17,"h":31.21,"l":31.15,"v":6688.0,"Time":"2020-11-24T15:05:00Z","Interval":"5min","Figi":"BBG000BKYDP9"}
{"o":31.16,"c":31.17,"h":31.21,"l":31.15,"v":6787.0,"Time":"2020-11-24T15:05:00Z","Interval":"5min","Figi":"BBG000BKYDP9"}
{"o":31.16,"c":31.18,"h":31.21,"l":31.15,"v":6887.0,"Time":"2020-11-24T15:05:00Z","Interval":"5min","Figi":"BBG000BKYDP9"}
{"o":31.16,"c":31.17,"h":31.21,"l":31.15,"v":7187.0,"Time":"2020-11-24T15:05:00Z","Interval":"5min","Figi":"BBG000BKYDP9"}
{"o":31.16,"c":31.17,"h":31.21,"l":31.15,"v":7587.0,"Time":"2020-11-24T15:05:00Z","Interval":"5min","Figi":"BBG000BKYDP9"}
{"o":31.16,"c":31.18,"h":31.21,"l":31.15,"v":7687.0,"Time":"2020-11-24T15:05:00Z","Interval":"5min","Figi":"BBG000BKYDP9"}
{"o":31.16,"c":31.18,"h":31.21,"l":31.15,"v":7788.0,"Time":"2020-11-24T15:05:00Z","Interval":"5min","Figi":"BBG000BKYDP9"}
{"o":31.16,"c":31.18,"h":31.21,"l":31.15,"v":7889.0,"Time":"2020-11-24T15:05:00Z","Interval":"5min","Figi":"BBG000BKYDP9"}
{"o":31.16,"c":31.18,"h":31.21,"l":31.15,"v":7939.0,"Time":"2020-11-24T15:05:00Z","Interval":"5min","Figi":"BBG000BKYDP9"}
{"o":31.16,"c":31.18,"h":31.21,"l":31.15,"v":7990.0,"Time":"2020-11-24T15:05:00Z","Interval":"5min","Figi":"BBG000BKYDP9"}
{"o":31.16,"c":31.19,"h":31.21,"l":31.15,"v":7992.0,"Time":"2020-11-24T15:05:00Z","Interval":"5min","Figi":"BBG000BKYDP9"}
{"o":31.16,"c":31.2,"h":31.21,"l":31.15,"v":8293.0,"Time":"2020-11-24T15:05:00Z","Interval":"5min","Figi":"BBG000BKYDP9"}
{"o":31.16,"c":31.2,"h":31.21,"l":31.15,"v":8393.0,"Time":"2020-11-24T15:05:00Z","Interval":"5min","Figi":"BBG000BKYDP9"}
{"o":31.16,"c":31.2,"h":31.21,"l":31.15,"v":8591.0,"Time":"2020-11-24T15:05:00Z","Interval":"5min","Figi":"BBG000BKYDP9"}
{"o":31.16,"c":31.19,"h":31.21,"l":31.15,"v":8691.0,"Time":"2020-11-24T15:05:00Z","Interval":"5min","Figi":"BBG000BKYDP9"}
{"o":31.16,"c":31.21,"h":31.21,"l":31.15,"v":8791.0,"Time":"2020-11-24T15:05:00Z","Interval":"5min","Figi":"BBG000BKYDP9"}
{"o":31.16,"c":31.21,"h":31.21,"l":31.15,"v":8891.0,"Time":"2020-11-24T15:05:00Z","Interval":"5min","Figi":"BBG000BKYDP9"}
{"o":31.16,"c":31.21,"h":31.21,"l":31.15,"v":8991.0,"Time":"2020-11-24T15:05:00Z","Interval":"5min","Figi":"BBG000BKYDP9"}
{"o":31.16,"c":31.22,"h":31.22,"l":31.15,"v":9090.0,"Time":"2020-11-24T15:05:00Z","Interval":"5min","Figi":"BBG000BKYDP9"}
{"o":31.16,"c":31.22,"h":31.22,"l":31.15,"v":9490.0,"Time":"2020-11-24T15:05:00Z","Interval":"5min","Figi":"BBG000BKYDP9"}
{"o":31.16,"c":31.22,"h":31.22,"l":31.15,"v":9590.0,"Time":"2020-11-24T15:05:00Z","Interval":"5min","Figi":"BBG000BKYDP9"}
{"o":31.16,"c":31.22,"h":31.22,"l":31.15,"v":9901.0,"Time":"2020-11-24T15:05:00Z","Interval":"5min","Figi":"BBG000BKYDP9"}
{"o":31.16,"c":31.23,"h":31.23,"l":31.15,"v":10101.0,"Time":"2020-11-24T15:05:00Z","Interval":"5min","Figi":"BBG000BKYDP9"}
{"o":31.16,"c":31.23,"h":31.23,"l":31.15,"v":10201.0,"Time":"2020-11-24T15:05:00Z","Interval":"5min","Figi":"BBG000BKYDP9"}
{"o":31.16,"c":31.24,"h":31.24,"l":31.15,"v":10301.0,"Time":"2020-11-24T15:05:00Z","Interval":"5min","Figi":"BBG000BKYDP9"}
{"o":31.16,"c":31.24,"h":31.24,"l":31.15,"v":10601.0,"Time":"2020-11-24T15:05:00Z","Interval":"5min","Figi":"BBG000BKYDP9"}
{"o":31.16,"c":31.24,"h":31.24,"l":31.15,"v":10904.0,"Time":"2020-11-24T15:05:00Z","Interval":"5min","Figi":"BBG000BKYDP9"}
{"o":31.16,"c":31.24,"h":31.24,"l":31.15,"v":11001.0,"Time":"2020-11-24T15:05:00Z","Interval":"5min","Figi":"BBG000BKYDP9"}
{"o":31.16,"c":31.24,"h":31.24,"l":31.15,"v":11101.0,"Time":"2020-11-24T15:05:00Z","Interval":"5min","Figi":"BBG000BKYDP9"}
{"o":31.16,"c":31.24,"h":31.24,"l":31.15,"v":11201.0,"Time":"2020-11-24T15:05:00Z","Interval":"5min","Figi":"BBG000BKYDP9"}
{"o":31.16,"c":31.24,"h":31.24,"l":31.15,"v":11301.0,"Time":"2020-11-24T15:05:00Z","Interval":"5min","Figi":"BBG000BKYDP9"}
{"o":31.16,"c":31.24,"h":31.24,"l":31.15,"v":11401.0,"Time":"2020-11-24T15:05:00Z","Interval":"5min","Figi":"BBG000BKYDP9"}
{"o":31.24,"c":31.24,"h":31.24,"l":31.24,"v":1.0,"Time":"2020-11-24T15:10:00Z","Interval":"5min","Figi":"BBG000BKYDP9"}
{"o":31.24,"c":31.24,"h":31.24,"l":31.24,"v":31.0,"Time":"2020-11-24T15:10:00Z","Interval":"5min","Figi":"BBG000BKYDP9"}
{"o":31.24,"c":31.23,"h":31.24,"l":31.23,"v":131.0,"Time":"2020-11-24T15:10:00Z","Interval":"5min","Figi":"BBG000BKYDP9"}
{"o":31.24,"c":31.22,"h":31.24,"l":31.22,"v":593.0,"Time":"2020-11-24T15:10:00Z","Interval":"5min","Figi":"BBG000BKYDP9"}
{"o":31.24,"c":31.22,"h":31.24,"l":31.22,"v":693.0,"Time":"2020-11-24T15:10:00Z","Interval":"5min","Figi":"BBG000BKYDP9"}
{"o":31.24,"c":31.23,"h":31.24,"l":31.22,"v":1193.0,"Time":"2020-11-24T15:10:00Z","Interval":"5min","Figi":"BBG000BKYDP9"}
{"o":31.24,"c":31.22,"h":31.24,"l":31.22,"v":1293.0,"Time":"2020-11-24T15:10:00Z","Interval":"5min","Figi":"BBG000BKYDP9"}
{"o":31.24,"c":31.22,"h":31.24,"l":31.22,"v":1393.0,"Time":"2020-11-24T15:10:00Z","Interval":"5min","Figi":"BBG000BKYDP9"}
{"o":31.24,"c":31.22,"h":31.24,"l":31.22,"v":1493.0,"Time":"2020-11-24T15:10:00Z","Interval":"5min","Figi":"BBG000BKYDP9"}
{"o":31.24,"c":31.21,"h":31.24,"l":31.21,"v":1593.0,"Time":"2020-11-24T15:10:00Z","Interval":"5min","Figi":"BBG000BKYDP9"}
{"o":31.24,"c":31.21,"h":31.24,"l":31.21,"v":1693.0,"Time":"2020-11-24T15:10:00Z","Interval":"5min","Figi":"BBG000BKYDP9"}
{"o":31.24,"c":31.21,"h":31.24,"l":31.21,"v":1793.0,"Time":"2020-11-24T15:10:00Z","Interval":"5min","Figi":"BBG000BKYDP9"}
{"o":31.24,"c":31.2,"h":31.24,"l":31.2,"v":1893.0,"Time":"2020-11-24T15:10:00Z","Interval":"5min","Figi":"BBG000BKYDP9"}
{"o":31.24,"c":31.2,"h":31.24,"l":31.2,"v":1993.0,"Time":"2020-11-24T15:10:00Z","Interval":"5min","Figi":"BBG000BKYDP9"}
{"o":31.24,"c":31.2,"h":31.24,"l":31.2,"v":2093.0,"Time":"2020-11-24T15:10:00Z","Interval":"5min","Figi":"BBG000BKYDP9"}
{"o":31.24,"c":31.2,"h":31.24,"l":31.2,"v":2193.0,"Time":"2020-11-24T15:10:00Z","Interval":"5min","Figi":"BBG000BKYDP9"}
{"o":31.24,"c":31.2,"h":31.24,"l":31.2,"v":2293.0,"Time":"2020-11-24T15:10:00Z","Interval":"5min","Figi":"BBG000BKYDP9"}
{"o":31.24,"c":31.19,"h":31.24,"l":31.19,"v":2393.0,"Time":"2020-11-24T15:10:00Z","Interval":"5min","Figi":"BBG000BKYDP9"}
{"o":31.24,"c":31.19,"h":31.24,"l":31.19,"v":2493.0,"Time":"2020-11-24T15:10:00Z","Interval":"5min","Figi":"BBG000BKYDP9"}
{"o":31.24,"c":31.19,"h":31.24,"l":31.19,"v":2593.0,"Time":"2020-11-24T15:10:00Z","Interval":"5min","Figi":"BBG000BKYDP9"}
{"o":31.24,"c":31.19,"h":31.24,"l":31.19,"v":2693.0,"Time":"2020-11-24T15:10:00Z","Interval":"5min","Figi":"BBG000BKYDP9"}
{"o":31.24,"c":31.19,"h":31.24,"l":31.19,"v":2793.0,"Time":"2020-11-24T15:10:00Z","Interval":"5min","Figi":"BBG000BKYDP9"}
{"o":31.24,"c":31.19,"h":31.24,"l":31.19,"v":2893.0,"Time":"2020-11-24T15:10:00Z","Interval":"5min","Figi":"BBG000BKYDP9"}
{"o":31.24,"c":31.19,"h":31.24,"l":31.19,"v":2903.0,"Time":"2020-11-24T15:10:00Z","Interval":"5min","Figi":"BBG000BKYDP9"}
{"o":31.24,"c":31.18,"h":31.24,"l":31.18,"v":3003.0,"Time":"2020-11-24T15:10:00Z","Interval":"5min","Figi":"BBG000BKYDP9"}
{"o":31.24,"c":31.18,"h":31.24,"l":31.18,"v":3103.0,"Time":"2020-11-24T15:10:00Z","Interval":"5min","Figi":"BBG000BKYDP9"}
{"o":31.24,"c":31.18,"h":31.24,"l":31.18,"v":3203.0,"Time":"2020-11-24T15:10:00Z","Interval":"5min","Figi":"BBG000BKYDP9"}
{"o":31.24,"c":31.18,"h":31.24,"l":31.18,"v":3303.0,"Time":"2020-11-24T15:10:00Z","Interval":"5min","Figi":"BBG000BKYDP9"}
{"o":31.24,"c":31.18,"h":31.24,"l":31.18,"v":3403.0,"Time":"2020-11-24T15:10:00Z","Interval":"5min","Figi":"BBG000BKYDP9"}
{"o":31.24,"c":31.18,"h":31.24,"l":31.18,"v":3485.0,"Time":"2020-11-24T15:10:00Z","Interval":"5min","Figi":"BBG000BKYDP9"}
{"o":31.24,"c":31.18,"h":31.24,"l":31.18,"v":3510.0,"Time":"2020-11-24T15:10:00Z","Interval":"5min","Figi":"BBG000BKYDP9"}
{"o":31.24,"c":31.18,"h":31.24,"l":31.18,"v":3515.0,"Time":"2020-11-24T15:10:00Z","Interval":"5min","Figi":"BBG000BKYDP9"}
{"o":31.24,"c":31.17,"h":31.24,"l":31.17,"v":3521.0,"Time":"2020-11-24T15:10:00Z","Interval":"5min","Figi":"BBG000BKYDP9"}
{"o":31.24,"c":31.17,"h":31.24,"l":31.17,"v":3715.0,"Time":"2020-11-24T15:10:00Z","Interval":"5min","Figi":"BBG000BKYDP9"}
{"o":31.24,"c":31.16,"h":31.24,"l":31.16,"v":3815.0,"Time":"2020-11-24T15:10:00Z","Interval":"5min","Figi":"BBG000BKYDP9"}
{"o":31.24,"c":31.15,"h":31.24,"l":31.15,"v":3915.0,"Time":"2020-11-24T15:10:00Z","Interval":"5min","Figi":"BBG000BKYDP9"}
{"o":31.24,"c":31.15,"h":31.24,"l":31.15,"v":4053.0,"Time":"2020-11-24T15:10:00Z","Interval":"5min","Figi":"BBG000BKYDP9"}
{"o":31.24,"c":31.15,"h":31.24,"l":31.15,"v":4153.0,"Time":"2020-11-24T15:10:00Z","Interval":"5min","Figi":"BBG000BKYDP9"}
{"o":31.24,"c":31.15,"h":31.24,"l":31.15,"v":4253.0,"Time":"2020-11-24T15:10:00Z","Interval":"5min","Figi":"BBG000BKYDP9"}
{"o":31.24,"c":31.15,"h":31.24,"l":31.15,"v":4353.0,"Time":"2020-11-24T15:10:00Z","Interval":"5min","Figi":"BBG000BKYDP9"}
{"o":31.24,"c":31.15,"h":31.24,"l":31.15,"v":4453.0,"Time":"2020-11-24T15:10:00Z","Interval":"5min","Figi":"BBG000BKYDP9"}
{"o":31.24,"c":31.15,"h":31.24,"l":31.15,"v":4553.0,"Time":"2020-11-24T15:10:00Z","Interval":"5min","Figi":"BBG000BKYDP9"}
{"o":31.24,"c":31.15,"h":31.24,"l":31.15,"v":4653.0,"Time":"2020-11-24T15:10:00Z","Interval":"5min","Figi":"BBG000BKYDP9"}
{"o":31.24,"c":31.15,"h":31.24,"l":31.15,"v":4753.0,"Time":"2020-11-24T15:10:00Z","Interval":"5min","Figi":"BBG000BKYDP9"}
{"o":31.24,"c":31.15,"h":31.24,"l":31.15,"v":4853.0,"Time":"2020-11-24T15:10:00Z","Interval":"5min","Figi":"BBG000BKYDP9"}
{"o":31.24,"c":31.15,"h":31.24,"l":31.15,"v":4953.0,"Time":"2020-11-24T15:10:00Z","Interval":"5min","Figi":"BBG000BKYDP9"}
{"o":31.24,"c":31.15,"h":31.24,"l":31.15,"v":5053.0,"Time":"2020-11-24T15:10:00Z","Interval":"5min","Figi":"BBG000BKYDP9"}
{"o":31.24,"c":31.15,"h":31.24,"l":31.15,"v":5253.0,"Time":"2020-11-24T15:10:00Z","Interval":"5min","Figi":"BBG000BKYDP9"}
{"o":31.24,"c":31.16,"h":31.24,"l":31.15,"v":5353.0,"Time":"2020-11-24T15:10:00Z","Interval":"5min","Figi":"BBG000BKYDP9"}
{"o":31.24,"c":31.16,"h":31.24,"l":31.15,"v":5453.0,"Time":"2020-11-24T15:10:00Z","Interval":"5min","Figi":"BBG000BKYDP9"}
{"o":31.24,"c":31.17,"h":31.24,"l":31.15,"v":5507.0,"Time":"2020-11-24T15:10:00Z","Interval":"5min","Figi":"BBG000BKYDP9"}
{"o":31.24,"c":31.17,"h":31.24,"l":31.15,"v":5553.0,"Time":"2020-11-24T15:10:00Z","Interval":"5min","Figi":"BBG000BKYDP9"}
{"o":31.24,"c":31.17,"h":31.24,"l":31.15,"v":5607.0,"Time":"2020-11-24T15:10:00Z","Interval":"5min","Figi":"BBG000BKYDP9"}
{"o":31.24,"c":31.17,"h":31.24,"l":31.15,"v":5653.0,"Time":"2020-11-24T15:10:00Z","Interval":"5min","Figi":"BBG000BKYDP9"}
{"o":31.24,"c":31.17,"h":31.24,"l":31.15,"v":5753.0,"Time":"2020-11-24T15:10:00Z","Interval":"5min","Figi":"BBG000BKYDP9"}
{"o":31.24,"c":31.17,"h":31.24,"l":31.15,"v":5853.0,"Time":"2020-11-24T15:10:00Z","Interval":"5min","Figi":"BBG000BKYDP9"}
{"o":31.24,"c":31.18,"h":31.24,"l":31.15,"v":5953.0,"Time":"2020-11-24T15:10:00Z","Interval":"5min","Figi":"BBG000BKYDP9"}
{"o":31.24,"c":31.18,"h":31.24,"l":31.15,"v":5954.0,"Time":"2020-11-24T15:10:00Z","Interval":"5min","Figi":"BBG000BKYDP9"}
{"o":31.24,"c":31.18,"h":31.24,"l":31.15,"v":5974.0,"Time":"2020-11-24T15:10:00Z","Interval":"5min","Figi":"BBG000BKYDP9"}
{"o":31.24,"c":31.2,"h":31.24,"l":31.15,"v":6020.0,"Time":"2020-11-24T15:10:00Z","Interval":"5min","Figi":"BBG000BKYDP9"}
{"o":31.24,"c":31.2,"h":31.24,"l":31.15,"v":6032.0,"Time":"2020-11-24T15:10:00Z","Interval":"5min","Figi":"BBG000BKYDP9"}
{"o":31.24,"c":31.2,"h":31.24,"l":31.15,"v":6132.0,"Time":"2020-11-24T15:10:00Z","Interval":"5min","Figi":"BBG000BKYDP9"}
{"o":31.24,"c":31.2,"h":31.24,"l":31.15,"v":6232.0,"Time":"2020-11-24T15:10:00Z","Interval":"5min","Figi":"BBG000BKYDP9"}
{"o":31.24,"c":31.2,"h":31.24,"l":31.15,"v":6332.0,"Time":"2020-11-24T15:10:00Z","Interval":"5min","Figi":"BBG000BKYDP9"}
{"o":31.24,"c":31.2,"h":31.24,"l":31.15,"v":6432.0,"Time":"2020-11-24T15:10:00Z","Interval":"5min","Figi":"BBG000BKYDP9"}
{"o":31.24,"c":31.21,"h":31.24,"l":31.15,"v":6532.0,"Time":"2020-11-24T15:10:00Z","Interval":"5min","Figi":"BBG000BKYDP9"}
{"o":31.24,"c":31.21,"h":31.24,"l":31.15,"v":6632.0,"Time":"2020-11-24T15:10:00Z","Interval":"5min","Figi":"BBG000BKYDP9"}
{"o":31.24,"c":31.22,"h":31.24,"l":31.15,"v":6732.0,"Time":"2020-11-24T15:10:00Z","Interval":"5min","Figi":"BBG000BKYDP9"}
{"o":31.24,"c":31.22,"h":31.24,"l":31.15,"v":6734.0,"Time":"2020-11-24T15:10:00Z","Interval":"5min","Figi":"BBG000BKYDP9"}
{"o":31.24,"c":31.22,"h":31.24,"l":31.15,"v":6832.0,"Time":"2020-11-24T15:10:00Z","Interval":"5min","Figi":"BBG000BKYDP9"}
{"o":31.24,"c":31.22,"h":31.24,"l":31.15,"v":6932.0,"Time":"2020-11-24T15:10:00Z","Interval":"5min","Figi":"BBG000BKYDP9"}
{"o":31.24,"c":31.22,"h":31.24,"l":31.15,"v":7032.0,"Time":"2020-11-24T15:10:00Z","Interval":"5min","Figi":"BBG000BKYDP9"}
{"o":31.24,"c":31.22,"h":31.24,"l":31.15,"v":7132.0,"Time":"2020-11-24T15:10:00Z","Interval":"5min","Figi":"BBG000BKYDP9"}
{"o":31.24,"c":31.22,"h":31.24,"l":31.15,"v":7232.0,"Time":"2020-11-24T15:10:00Z","Interval":"5min","Figi":"BBG000BKYDP9"}
{"o":31.24,"c":31.22,"h":31.24,"l":31.15,"v":7332.0,"Time":"2020-11-24T15:10:00Z","Interval":"5min","Figi":"BBG000BKYDP9"}
{"o":31.24,"c":31.21,"h":31.24,"l":31.15,"v":7432.0,"Time":"2020-11-24T15:10:00Z","Interval":"5min","Figi":"BBG000BKYDP9"}
{"o":31.24,"c":31.2,"h":31.24,"l":31.15,"v":7632.0,"Time":"2020-11-24T15:10:00Z","Interval":"5min","Figi":"BBG000BKYDP9"}
{"o":31.24,"c":31.18,"h":31.24,"l":31.15,"v":7732.0,"Time":"2020-11-24T15:10:00Z","Interval":"5min","Figi":"BBG000BKYDP9"}
{"o":31.24,"c":31.18,"h":31.24,"l":31.15,"v":7733.0,"Time":"2020-11-24T15:10:00Z","Interval":"5min","Figi":"BBG000BKYDP9"}
{"o":31.24,"c":31.18,"h":31.24,"l":31.15,"v":8084.0,"Time":"2020-11-24T15:10:00Z","Interval":"5min","Figi":"BBG000BKYDP9"}
{"o":31.24,"c":31.19,"h":31.24,"l":31.15,"v":8184.0,"Time":"2020-11-24T15:10:00Z","Interval":"5min","Figi":"BBG000BKYDP9"}
{"o":31.24,"c":31.2,"h":31.24,"l":31.15,"v":8484.0,"Time":"2020-11-24T15:10:00Z","Interval":"5min","Figi":"BBG000BKYDP9"}
{"o":31.24,"c":31.2,"h":31.24,"l":31.15,"v":8534.0,"Time":"2020-11-24T15:10:00Z","Interval":"5min","Figi":"BBG000BKYDP9"}
{"o":31.24,"c":31.2,"h":31.24,"l":31.15,"v":8549.0,"Time":"2020-11-24T15:10:00Z","Interval":"5min","Figi":"BBG000BKYDP9"}
{"o":31.24,"c":31.2,"h":31.24,"l":31.15,"v":8649.0,"Time":"2020-11-24T15:10:00Z","Interval":"5min","Figi":"BBG000BKYDP9"}
{"o":31.24,"c":31.2,"h":31.24,"l":31.15,"v":8650.0,"Time":"2020-11-24T15:10:00Z","Interval":"5min","Figi":"BBG000BKYDP9"}
{"o":31.24,"c":31.21,"h":31.24,"l":31.15,"v":8750.0,"Time":"2020-11-24T15:10:00Z","Interval":"5min","Figi":"BBG000BKYDP9"}
{"o":31.24,"c":31.22,"h":31.24,"l":31.15,"v":8752.0,"Time":"2020-11-24T15:10:00Z","Interval":"5min","Figi":"BBG000BKYDP9"}
{"o":31.24,"c":31.22,"h":31.24,"l":31.15,"v":8783.0,"Time":"2020-11-24T15:10:00Z","Interval":"5min","Figi":"BBG000BKYDP9"}
{"o":31.24,"c":31.22,"h":31.24,"l":31.15,"v":8852.0,"Time":"2020-11-24T15:10:00Z","Interval":"5min","Figi":"BBG000BKYDP9"}
{"o":31.24,"c":31.23,"h":31.24,"l":31.15,"v":8952.0,"Time":"2020-11-24T15:10:00Z","Interval":"5min","Figi":"BBG000BKYDP9"}
{"o":31.24,"c":31.23,"h":31.24,"l":31.15,"v":9052.0,"Time":"2020-11-24T15:10:00Z","Interval":"5min","Figi":"BBG000BKYDP9"}
{"o":31.24,"c":31.24,"h":31.24,"l":31.15,"v":9054.0,"Time":"2020-11-24T15:10:00Z","Interval":"5min","Figi":"BBG000BKYDP9"}
{"o":31.24,"c":31.24,"h":31.24,"l":31.15,"v":9154.0,"Time":"2020-11-24T15:10:00Z","Interval":"5min","Figi":"BBG000BKYDP9"}
{"o":31.24,"c":31.24,"h":31.24,"l":31.15,"v":9355.0,"Time":"2020-11-24T15:10:00Z","Interval":"5min","Figi":"BBG000BKYDP9"}
{"o":31.24,"c":31.24,"h":31.24,"l":31.15,"v":9455.0,"Time":"2020-11-24T15:10:00Z","Interval":"5min","Figi":"BBG000BKYDP9"}
{"o":31.24,"c":31.25,"h":31.25,"l":31.15,"v":9555.0,"Time":"2020-11-24T15:10:00Z","Interval":"5min","Figi":"BBG000BKYDP9"}
{"o":31.24,"c":31.25,"h":31.25,"l":31.15,"v":9655.0,"Time":"2020-11-24T15:10:00Z","Interval":"5min","Figi":"BBG000BKYDP9"}
{"o":31.24,"c":31.25,"h":31.25,"l":31.15,"v":9755.0,"Time":"2020-11-24T15:10:00Z","Interval":"5min","Figi":"BBG000BKYDP9"}
{"o":31.24,"c":31.24,"h":31.25,"l":31.15,"v":9855.0,"Time":"2020-11-24T15:10:00Z","Interval":"5min","Figi":"BBG000BKYDP9"}
{"o":31.24,"c":31.25,"h":31.25,"l":31.15,"v":9955.0,"Time":"2020-11-24T15:10:00Z","Interval":"5min","Figi":"BBG000BKYDP9"}
{"o":31.24,"c":31.24,"h":31.25,"l":31.15,"v":11080.0,"Time":"2020-11-24T15:10:00Z","Interval":"5min","Figi":"BBG000BKYDP9"}
{"o":31.24,"c":31.24,"h":31.25,"l":31.15,"v":11081.0,"Time":"2020-11-24T15:10:00Z","Interval":"5min","Figi":"BBG000BKYDP9"}
{"o":31.24,"c":31.24,"h":31.25,"l":31.15,"v":11181.0,"Time":"2020-11-24T15:10:00Z","Interval":"5min","Figi":"BBG000BKYDP9"}
{"o":31.24,"c":31.23,"h":31.25,"l":31.15,"v":11581.0,"Time":"2020-11-24T15:10:00Z","Interval":"5min","Figi":"BBG000BKYDP9"}
{"o":31.24,"c":31.23,"h":31.25,"l":31.15,"v":11681.0,"Time":"2020-11-24T15:10:00Z","Interval":"5min","Figi":"BBG000BKYDP9"}
{"o":31.24,"c":31.23,"h":31.25,"l":31.15,"v":11881.0,"Time":"2020-11-24T15:10:00Z","Interval":"5min","Figi":"BBG000BKYDP9"}
{"o":31.24,"c":31.23,"h":31.25,"l":31.15,"v":12081.0,"Time":"2020-11-24T15:10:00Z","Interval":"5min","Figi":"BBG000BKYDP9"}
{"o":31.24,"c":31.23,"h":31.25,"l":31.15,"v":12181.0,"Time":"2020-11-24T15:10:00Z","Interval":"5min","Figi":"BBG000BKYDP9"}
{"o":31.24,"c":31.23,"h":31.25,"l":31.15,"v":12281.0,"Time":"2020-11-24T15:10:00Z","Interval":"5min","Figi":"BBG000BKYDP9"}
{"o":31.24,"c":31.23,"h":31.25,"l":31.15,"v":12381.0,"Time":"2020-11-24T15:10:00Z","Interval":"5min","Figi":"BBG000BKYDP9"}
{"o":31.24,"c":31.23,"h":31.25,"l":31.15,"v":12481.0,"Time":"2020-11-24T15:10:00Z","Interval":"5min","Figi":"BBG000BKYDP9"}
{"o":31.24,"c":31.22,"h":31.25,"l":31.15,"v":12484.0,"Time":"2020-11-24T15:10:00Z","Interval":"5min","Figi":"BBG000BKYDP9"}
{"o":31.24,"c":31.22,"h":31.25,"l":31.15,"v":12685.0,"Time":"2020-11-24T15:10:00Z","Interval":"5min","Figi":"BBG000BKYDP9"}
{"o":31.24,"c":31.23,"h":31.25,"l":31.15,"v":12885.0,"Time":"2020-11-24T15:10:00Z","Interval":"5min","Figi":"BBG000BKYDP9"}
{"o":31.24,"c":31.22,"h":31.25,"l":31.15,"v":13147.0,"Time":"2020-11-24T15:10:00Z","Interval":"5min","Figi":"BBG000BKYDP9"}
{"o":31.24,"c":31.22,"h":31.25,"l":31.15,"v":13689.0,"Time":"2020-11-24T15:10:00Z","Interval":"5min","Figi":"BBG000BKYDP9"}
{"o":31.24,"c":31.22,"h":31.25,"l":31.15,"v":14789.0,"Time":"2020-11-24T15:10:00Z","Interval":"5min","Figi":"BBG000BKYDP9"}
{"o":31.24,"c":31.22,"h":31.25,"l":31.15,"v":14889.0,"Time":"2020-11-24T15:10:00Z","Interval":"5min","Figi":"BBG000BKYDP9"}
{"o":31.24,"c":31.21,"h":31.25,"l":31.15,"v":15089.0,"Time":"2020-11-24T15:10:00Z","Interval":"5min","Figi":"BBG000BKYDP9"}
{"o":31.24,"c":31.21,"h":31.25,"l":31.15,"v":15189.0,"Time":"2020-11-24T15:10:00Z","Interval":"5min","Figi":"BBG000BKYDP9"}
{"o":31.24,"c":31.22,"h":31.25,"l":31.15,"v":15208.0,"Time":"2020-11-24T15:10:00Z","Interval":"5min","Figi":"BBG000BKYDP9"}
{"o":31.24,"c":31.22,"h":31.25,"l":31.15,"v":15289.0,"Time":"2020-11-24T15:10:00Z","Interval":"5min","Figi":"BBG000BKYDP9"}
{"o":31.24,"c":31.23,"h":31.25,"l":31.15,"v":15290.0,"Time":"2020-11-24T15:10:00Z","Interval":"5min","Figi":"BBG000BKYDP9"}
{"o":31.24,"c":31.24,"h":31.25,"l":31.15,"v":15790.0,"Time":"2020-11-24T15:10:00Z","Interval":"5min","Figi":"BBG000BKYDP9"}
{"o":31.24,"c":31.25,"h":31.25,"l":31.15,"v":15795.0,"Time":"2020-11-24T15:10:00Z","Interval":"5min","Figi":"BBG000BKYDP9"}
{"o":31.24,"c":31.26,"h":31.26,"l":31.15,"v":15895.0,"Time":"2020-11-24T15:10:00Z","Interval":"5min","Figi":"BBG000BKYDP9"}
{"o":31.24,"c":31.26,"h":31.26,"l":31.15,"v":16095.0,"Time":"2020-11-24T15:10:00Z","Interval":"5min","Figi":"BBG000BKYDP9"}
{"o":31.24,"c":31.26,"h":31.26,"l":31.15,"v":16295.0,"Time":"2020-11-24T15:10:00Z","Interval":"5min","Figi":"BBG000BKYDP9"}
{"o":31.24,"c":31.27,"h":31.27,"l":31.15,"v":16777.0,"Time":"2020-11-24T15:10:00Z","Interval":"5min","Figi":"BBG000BKYDP9"}
{"o":31.24,"c":31.27,"h":31.27,"l":31.15,"v":16877.0,"Time":"2020-11-24T15:10:00Z","Interval":"5min","Figi":"BBG000BKYDP9"}
{"o":31.24,"c":31.28,"h":31.28,"l":31.15,"v":16881.0,"Time":"2020-11-24T15:10:00Z","Interval":"5min","Figi":"BBG000BKYDP9"}
{"o":31.24,"c":31.28,"h":31.28,"l":31.15,"v":16980.0,"Time":"2020-11-24T15:10:00Z","Interval":"5min","Figi":"BBG000BKYDP9"}
{"o":31.24,"c":31.28,"h":31.28,"l":31.15,"v":17010.0,"Time":"2020-11-24T15:10:00Z","Interval":"5min","Figi":"BBG000BKYDP9"}
{"o":31.24,"c":31.28,"h":31.28,"l":31.15,"v":17110.0,"Time":"2020-11-24T15:10:00Z","Interval":"5min","Figi":"BBG000BKYDP9"}
{"o":31.24,"c":31.27,"h":31.28,"l":31.15,"v":17210.0,"Time":"2020-11-24T15:10:00Z","Interval":"5min","Figi":"BBG000BKYDP9"}
{"o":31.24,"c":31.25,"h":31.28,"l":31.15,"v":17372.0,"Time":"2020-11-24T15:10:00Z","Interval":"5min","Figi":"BBG000BKYDP9"}
{"o":31.24,"c":31.25,"h":31.28,"l":31.15,"v":17742.0,"Time":"2020-11-24T15:10:00Z","Interval":"5min","Figi":"BBG000BKYDP9"}
{"o":31.24,"c":31.25,"h":31.28,"l":31.15,"v":17743.0,"Time":"2020-11-24T15:10:00Z","Interval":"5min","Figi":"BBG000BKYDP9"}
{"o":31.24,"c":31.26,"h":31.28,"l":31.15,"v":17875.0,"Time":"2020-11-24T15:10:00Z","Interval":"5min","Figi":"BBG000BKYDP9"}
{"o":31.24,"c":31.26,"h":31.28,"l":31.15,"v":17877.0,"Time":"2020-11-24T15:10:00Z","Interval":"5min","Figi":"BBG000BKYDP9"}
{"o":31.24,"c":31.27,"h":31.28,"l":31.15,"v":17980.0,"Time":"2020-11-24T15:10:00Z","Interval":"5min","Figi":"BBG000BKYDP9"}
{"o":31.24,"c":31.27,"h":31.28,"l":31.15,"v":18080.0,"Time":"2020-11-24T15:10:00Z","Interval":"5min","Figi":"BBG000BKYDP9"}
{"o":31.24,"c":31.26,"h":31.28,"l":31.15,"v":18081.0,"Time":"2020-11-24T15:10:00Z","Interval":"5min","Figi":"BBG000BKYDP9"}
{"o":31.24,"c":31.27,"h":31.28,"l":31.15,"v":18181.0,"Time":"2020-11-24T15:10:00Z","Interval":"5min","Figi":"BBG000BKYDP9"}
{"o":31.24,"c":31.26,"h":31.28,"l":31.15,"v":18222.0,"Time":"2020-11-24T15:10:00Z","Interval":"5min","Figi":"BBG000BKYDP9"}
{"o":31.24,"c":31.28,"h":31.28,"l":31.15,"v":18223.0,"Time":"2020-11-24T15:10:00Z","Interval":"5min","Figi":"BBG000BKYDP9"}
{"o":31.24,"c":31.3,"h":31.3,"l":31.15,"v":18424.0,"Time":"2020-11-24T15:10:00Z","Interval":"5min","Figi":"BBG000BKYDP9"}
{"o":31.29,"c":31.29,"h":31.29,"l":31.29,"v":162.0,"Time":"2020-11-24T15:15:00Z","Interval":"5min","Figi":"BBG000BKYDP9"}
{"o":31.29,"c":31.29,"h":31.29,"l":31.29,"v":462.0,"Time":"2020-11-24T15:15:00Z","Interval":"5min","Figi":"BBG000BKYDP9"}
{"o":31.29,"c":31.29,"h":31.29,"l":31.29,"v":562.0,"Time":"2020-11-24T15:15:00Z","Interval":"5min","Figi":"BBG000BKYDP9"}
{"o":31.29,"c":31.29,"h":31.29,"l":31.29,"v":762.0,"Time":"2020-11-24T15:15:00Z","Interval":"5min","Figi":"BBG000BKYDP9"}
{"o":31.29,"c":31.29,"h":31.29,"l":31.29,"v":962.0,"Time":"2020-11-24T15:15:00Z","Interval":"5min","Figi":"BBG000BKYDP9"}
{"o":31.29,"c":31.3,"h":31.3,"l":31.29,"v":971.0,"Time":"2020-11-24T15:15:00Z","Interval":"5min","Figi":"BBG000BKYDP9"}
{"o":31.29,"c":31.29,"h":31.3,"l":31.29,"v":972.0,"Time":"2020-11-24T15:15:00Z","Interval":"5min","Figi":"BBG000BKYDP9"}
{"o":31.29,"c":31.3,"h":31.3,"l":31.29,"v":1163.0,"Time":"2020-11-24T15:15:00Z","Interval":"5min","Figi":"BBG000BKYDP9"}
{"o":31.29,"c":31.31,"h":31.31,"l":31.29,"v":1364.0,"Time":"2020-11-24T15:15:00Z","Interval":"5min","Figi":"BBG000BKYDP9"}
{"o":31.29,"c":31.31,"h":31.31,"l":31.29,"v":1367.0,"Time":"2020-11-24T15:15:00Z","Interval":"5min","Figi":"BBG000BKYDP9"}
{"o":31.29,"c":31.32,"h":31.32,"l":31.29,"v":1433.0,"Time":"2020-11-24T15:15:00Z","Interval":"5min","Figi":"BBG000BKYDP9"}
{"o":31.29,"c":31.31,"h":31.32,"l":31.29,"v":1733.0,"Time":"2020-11-24T15:15:00Z","Interval":"5min","Figi":"BBG000BKYDP9"}
{"o":31.29,"c":31.3,"h":31.32,"l":31.29,"v":2033.0,"Time":"2020-11-24T15:15:00Z","Interval":"5min","Figi":"BBG000BKYDP9"}
{"o":31.29,"c":31.31,"h":31.32,"l":31.29,"v":2133.0,"Time":"2020-11-24T15:15:00Z","Interval":"5min","Figi":"BBG000BKYDP9"}
{"o":31.29,"c":31.31,"h":31.32,"l":31.29,"v":2332.0,"Time":"2020-11-24T15:15:00Z","Interval":"5min","Figi":"BBG000BKYDP9"}
{"o":31.29,"c":31.32,"h":31.32,"l":31.29,"v":2431.0,"Time":"2020-11-24T15:15:00Z","Interval":"5min","Figi":"BBG000BKYDP9"}
{"o":31.29,"c":31.32,"h":31.32,"l":31.29,"v":2531.0,"Time":"2020-11-24T15:15:00Z","Interval":"5min","Figi":"BBG000BKYDP9"}
{"o":31.29,"c":31.33,"h":31.33,"l":31.29,"v":2633.0,"Time":"2020-11-24T15:15:00Z","Interval":"5min","Figi":"BBG000BKYDP9"}
{"o":31.29,"c":31.34,"h":31.34,"l":31.29,"v":2649.0,"Time":"2020-11-24T15:15:00Z","Interval":"5min","Figi":"BBG000BKYDP9"}
{"o":31.29,"c":31.34,"h":31.34,"l":31.29,"v":2933.0,"Time":"2020-11-24T15:15:00Z","Interval":"5min","Figi":"BBG000BKYDP9"}
{"o":31.29,"c":31.35,"h":31.35,"l":31.29,"v":3545.0,"Time":"2020-11-24T15:15:00Z","Interval":"5min","Figi":"BBG000BKYDP9"}
{"o":31.29,"c":31.34,"h":31.35,"l":31.29,"v":3645.0,"Time":"2020-11-24T15:15:00Z","Interval":"5min","Figi":"BBG000BKYDP9"}
{"o":31.29,"c":31.33,"h":31.35,"l":31.29,"v":3745.0,"Time":"2020-11-24T15:15:00Z","Interval":"5min","Figi":"BBG000BKYDP9"}
{"o":31.29,"c":31.33,"h":31.35,"l":31.29,"v":3872.0,"Time":"2020-11-24T15:15:00Z","Interval":"5min","Figi":"BBG000BKYDP9"}
{"o":31.29,"c":31.33,"h":31.35,"l":31.29,"v":3915.0,"Time":"2020-11-24T15:15:00Z","Interval":"5min","Figi":"BBG000BKYDP9"}
{"o":31.29,"c":31.32,"h":31.35,"l":31.29,"v":3986.0,"Time":"2020-11-24T15:15:00Z","Interval":"5min","Figi":"BBG000BKYDP9"}
{"o":31.29,"c":31.32,"h":31.35,"l":31.29,"v":4086.0,"Time":"2020-11-24T15:15:00Z","Interval":"5min","Figi":"BBG000BKYDP9"}
{"o":31.29,"c":31.32,"h":31.35,"l":31.29,"v":4186.0,"Time":"2020-11-24T15:15:00Z","Interval":"5min","Figi":"BBG000BKYDP9"}
{"o":31.29,"c":31.32,"h":31.35,"l":31.29,"v":4279.0,"Time":"2020-11-24T15:15:00Z","Interval":"5min","Figi":"BBG000BKYDP9"}
{"o":31.29,"c":31.32,"h":31.35,"l":31.29,"v":4379.0,"Time":"2020-11-24T15:15:00Z","Interval":"5min","Figi":"BBG000BKYDP9"}
{"o":31.29,"c":31.31,"h":31.35,"l":31.29,"v":4479.0,"Time":"2020-11-24T15:15:00Z","Interval":"5min","Figi":"BBG000BKYDP9"}
{"o":31.29,"c":31.3,"h":31.35,"l":31.29,"v":4579.0,"Time":"2020-11-24T15:15:00Z","Interval":"5min","Figi":"BBG000BKYDP9"}
{"o":31.29,"c":31.29,"h":31.35,"l":31.29,"v":4679.0,"Time":"2020-11-24T15:15:00Z","Interval":"5min","Figi":"BBG000BKYDP9"}
{"o":31.29,"c":31.28,"h":31.35,"l":31.28,"v":4779.0,"Time":"2020-11-24T15:15:00Z","Interval":"5min","Figi":"BBG000BKYDP9"}
{"o":31.29,"c":31.27,"h":31.35,"l":31.27,"v":5179.0,"Time":"2020-11-24T15:15:00Z","Interval":"5min","Figi":"BBG000BKYDP9"}
{"o":31.29,"c":31.26,"h":31.35,"l":31.26,"v":5279.0,"Time":"2020-11-24T15:15:00Z","Interval":"5min","Figi":"BBG000BKYDP9"}
{"o":31.29,"c":31.26,"h":31.35,"l":31.25,"v":5680.0,"Time":"2020-11-24T15:15:00Z","Interval":"5min","Figi":"BBG000BKYDP9"}
{"o":31.29,"c":31.27,"h":31.35,"l":31.25,"v":5780.0,"Time":"2020-11-24T15:15:00Z","Interval":"5min","Figi":"BBG000BKYDP9"}
{"o":31.29,"c":31.27,"h":31.35,"l":31.25,"v":5915.0,"Time":"2020-11-24T15:15:00Z","Interval":"5min","Figi":"BBG000BKYDP9"}
{"o":31.29,"c":31.27,"h":31.35,"l":31.25,"v":6018.0,"Time":"2020-11-24T15:15:00Z","Interval":"5min","Figi":"BBG000BKYDP9"}
{"o":31.29,"c":31.27,"h":31.35,"l":31.25,"v":6218.0,"Time":"2020-11-24T15:15:00Z","Interval":"5min","Figi":"BBG000BKYDP9"}
{"o":31.29,"c":31.27,"h":31.35,"l":31.25,"v":6418.0,"Time":"2020-11-24T15:15:00Z","Interval":"5min","Figi":"BBG000BKYDP9"}
{"o":31.29,"c":31.26,"h":31.35,"l":31.25,"v":6780.0,"Time":"2020-11-24T15:15:00Z","Interval":"5min","Figi":"BBG000BKYDP9"}
{"o":31.29,"c":31.26,"h":31.35,"l":31.25,"v":6880.0,"Time":"2020-11-24T15:15:00Z","Interval":"5min","Figi":"BBG000BKYDP9"}
{"o":31.29,"c":31.28,"h":31.35,"l":31.25,"v":6894.0,"Time":"2020-11-24T15:15:00Z","Interval":"5min","Figi":"BBG000BKYDP9"}
{"o":31.29,"c":31.28,"h":31.35,"l":31.25,"v":6994.0,"Time":"2020-11-24T15:15:00Z","Interval":"5min","Figi":"BBG000BKYDP9"}
{"o":31.29,"c":31.29,"h":31.35,"l":31.25,"v":6995.0,"Time":"2020-11-24T15:15:00Z","Interval":"5min","Figi":"BBG000BKYDP9"}
{"o":31.29,"c":31.29,"h":31.35,"l":31.25,"v":7003.0,"Time":"2020-11-24T15:15:00Z","Interval":"5min","Figi":"BBG000BKYDP9"}
{"o":31.29,"c":31.3,"h":31.35,"l":31.25,"v":7004.0,"Time":"2020-11-24T15:15:00Z","Interval":"5min","Figi":"BBG000BKYDP9"}
{"o":31.29,"c":31.3,"h":31.35,"l":31.25,"v":7005.0,"Time":"2020-11-24T15:15:00Z","Interval":"5min","Figi":"BBG000BKYDP9"}
{"o":31.29,"c":31.3,"h":31.35,"l":31.25,"v":7510.0,"Time":"2020-11-24T15:15:00Z","Interval":"5min","Figi":"BBG000BKYDP9"}
{"o":31.29,"c":31.3,"h":31.35,"l":31.25,"v":7611.0,"Time":"2020-11-24T15:15:00Z","Interval":"5min","Figi":"BBG000BKYDP9"}
{"o":31.29,"c":31.32,"h":31.35,"l":31.25,"v":7811.0,"Time":"2020-11-24T15:15:00Z","Interval":"5min","Figi":"BBG000BKYDP9"}
{"o":31.29,"c":31.32,"h":31.35,"l":31.25,"v":7817.0,"Time":"2020-11-24T15:15:00Z","Interval":"5min","Figi":"BBG000BKYDP9"}
{"o":31.29,"c":31.33,"h":31.35,"l":31.25,"v":7917.0,"Time":"2020-11-24T15:15:00Z","Interval":"5min","Figi":"BBG000BKYDP9"}
{"o":31.29,"c":31.33,"h":31.35,"l":31.25,"v":8018.0,"Time":"2020-11-24T15:15:00Z","Interval":"5min","Figi":"BBG000BKYDP9"}
{"o":31.29,"c":31.33,"h":31.35,"l":31.25,"v":8118.0,"Time":"2020-11-24T15:15:00Z","Interval":"5min","Figi":"BBG000BKYDP9"}
{"o":31.29,"c":31.32,"h":31.35,"l":31.25,"v":8536.0,"Time":"2020-11-24T15:15:00Z","Interval":"5min","Figi":"BBG000BKYDP9"}
{"o":31.29,"c":31.31,"h":31.35,"l":31.25,"v":8636.0,"Time":"2020-11-24T15:15:00Z","Interval":"5min","Figi":"BBG000BKYDP9"}
{"o":31.29,"c":31.31,"h":31.35,"l":31.25,"v":8836.0,"Time":"2020-11-24T15:15:00Z","Interval":"5min","Figi":"BBG000BKYDP9"}
{"o":31.29,"c":31.31,"h":31.35,"l":31.25,"v":9136.0,"Time":"2020-11-24T15:15:00Z","Interval":"5min","Figi":"BBG000BKYDP9"}
{"o":31.29,"c":31.31,"h":31.35,"l":31.25,"v":9137.0,"Time":"2020-11-24T15:15:00Z","Interval":"5min","Figi":"BBG000BKYDP9"}
{"o":31.29,"c":31.31,"h":31.35,"l":31.25,"v":9531.0,"Time":"2020-11-24T15:15:00Z","Interval":"5min","Figi":"BBG000BKYDP9"}
{"o":31.29,"c":31.31,"h":31.35,"l":31.25,"v":9631.0,"Time":"2020-11-24T15:15:00Z","Interval":"5min","Figi":"BBG000BKYDP9"}
{"o":31.29,"c":31.31,"h":31.35,"l":31.25,"v":9731.0,"Time":"2020-11-24T15:15:00Z","Interval":"5min","Figi":"BBG000BKYDP9"}
{"o":31.29,"c":31.31,"h":31.35,"l":31.25,"v":9831.0,"Time":"2020-11-24T15:15:00Z","Interval":"5min","Figi":"BBG000BKYDP9"}
{"o":31.29,"c":31.31,"h":31.35,"l":31.25,"v":9931.0,"Time":"2020-11-24T15:15:00Z","Interval":"5min","Figi":"BBG000BKYDP9"}
{"o":31.29,"c":31.32,"h":31.35,"l":31.25,"v":9932.0,"Time":"2020-11-24T15:15:00Z","Interval":"5min","Figi":"BBG000BKYDP9"}
{"o":31.29,"c":31.31,"h":31.35,"l":31.25,"v":10132.0,"Time":"2020-11-24T15:15:00Z","Interval":"5min","Figi":"BBG000BKYDP9"}
{"o":31.29,"c":31.3,"h":31.35,"l":31.25,"v":10213.0,"Time":"2020-11-24T15:15:00Z","Interval":"5min","Figi":"BBG000BKYDP9"}
{"o":31.29,"c":31.3,"h":31.35,"l":31.25,"v":10313.0,"Time":"2020-11-24T15:15:00Z","Interval":"5min","Figi":"BBG000BKYDP9"}
{"o":31.29,"c":31.3,"h":31.35,"l":31.25,"v":10613.0,"Time":"2020-11-24T15:15:00Z","Interval":"5min","Figi":"BBG000BKYDP9"}
{"o":31.29,"c":31.29,"h":31.35,"l":31.25,"v":10813.0,"Time":"2020-11-24T15:15:00Z","Interval":"5min","Figi":"BBG000BKYDP9"}
{"o":31.29,"c":31.29,"h":31.35,"l":31.25,"v":11014.0,"Time":"2020-11-24T15:15:00Z","Interval":"5min","Figi":"BBG000BKYDP9"}
{"o":31.29,"c":31.29,"h":31.35,"l":31.25,"v":11316.0,"Time":"2020-11-24T15:15:00Z","Interval":"5min","Figi":"BBG000BKYDP9"}
{"o":31.29,"c":31.3,"h":31.35,"l":31.25,"v":11414.0,"Time":"2020-11-24T15:15:00Z","Interval":"5min","Figi":"BBG000BKYDP9"}
{"o":31.29,"c":31.3,"h":31.35,"l":31.25,"v":11499.0,"Time":"2020-11-24T15:15:00Z","Interval":"5min","Figi":"BBG000BKYDP9"}
{"o":31.29,"c":31.3,"h":31.35,"l":31.25,"v":11584.0,"Time":"2020-11-24T15:15:00Z","Interval":"5min","Figi":"BBG000BKYDP9"}
{"o":31.29,"c":31.3,"h":31.35,"l":31.25,"v":11664.0,"Time":"2020-11-24T15:15:00Z","Interval":"5min","Figi":"BBG000BKYDP9"}
{"o":31.29,"c":31.3,"h":31.35,"l":31.25,"v":11761.0,"Time":"2020-11-24T15:15:00Z","Interval":"5min","Figi":"BBG000BKYDP9"}
{"o":31.31,"c":31.31,"h":31.31,"l":31.31,"v":105.0,"Time":"2020-11-24T15:20:00Z","Interval":"5min","Figi":"BBG000BKYDP9"}
{"o":31.31,"c":31.31,"h":31.31,"l":31.31,"v":346.0,"Time":"2020-11-24T15:20:00Z","Interval":"5min","Figi":"BBG000BKYDP9"}
{"o":31.31,"c":31.31,"h":31.31,"l":31.31,"v":448.0,"Time":"2020-11-24T15:20:00Z","Interval":"5min","Figi":"BBG000BKYDP9"}
{"o":31.31,"c":31.32,"h":31.32,"l":31.31,"v":552.0,"Time":"2020-11-24T15:20:00Z","Interval":"5min","Figi":"BBG000BKYDP9"}
{"o":31.31,"c":31.32,"h":31.32,"l":31.31,"v":652.0,"Time":"2020-11-24T15:20:00Z","Interval":"5min","Figi":"BBG000BKYDP9"}
{"o":31.31,"c":31.32,"h":31.32,"l":31.31,"v":1114.0,"Time":"2020-11-24T15:20:00Z","Interval":"5min","Figi":"BBG000BKYDP9"}
{"o":31.31,"c":31.32,"h":31.32,"l":31.31,"v":1214.0,"Time":"2020-11-24T15:20:00Z","Interval":"5min","Figi":"BBG000BKYDP9"}
{"o":31.31,"c":31.32,"h":31.32,"l":31.31,"v":1215.0,"Time":"2020-11-24T15:20:00Z","Interval":"5min","Figi":"BBG000BKYDP9"}
{"o":31.31,"c":31.33,"h":31.33,"l":31.31,"v":1415.0,"Time":"2020-11-24T15:20:00Z","Interval":"5min","Figi":"BBG000BKYDP9"}
{"o":31.31,"c":31.33,"h":31.33,"l":31.31,"v":1515.0,"Time":"2020-11-24T15:20:00Z","Interval":"5min","Figi":"BBG000BKYDP9"}
{"o":31.31,"c":31.33,"h":31.33,"l":31.31,"v":1615.0,"Time":"2020-11-24T15:20:00Z","Interval":"5min","Figi":"BBG000BKYDP9"}
{"o":31.31,"c":31.33,"h":31.33,"l":31.31,"v":2220.0,"Time":"2020-11-24T15:20:00Z","Interval":"5min","Figi":"BBG000BKYDP9"}
{"o":31.31,"c":31.33,"h":31.33,"l":31.31,"v":2520.0,"Time":"2020-11-24T15:20:00Z","Interval":"5min","Figi":"BBG000BKYDP9"}
{"o":31.31,"c":31.34,"h":31.34,"l":31.31,"v":2620.0,"Time":"2020-11-24T15:20:00Z","Interval":"5min","Figi":"BBG000BKYDP9"}
{"o":31.31,"c":31.32,"h":31.34,"l":31.31,"v":2720.0,"Time":"2020-11-24T15:20:00Z","Interval":"5min","Figi":"BBG000BKYDP9"}
{"o":31.31,"c":31.31,"h":31.34,"l":31.31,"v":2901.0,"Time":"2020-11-24T15:20:00Z","Interval":"5min","Figi":"BBG000BKYDP9"}
{"o":31.31,"c":31.31,"h":31.34,"l":31.31,"v":2982.0,"Time":"2020-11-24T15:20:00Z","Interval":"5min","Figi":"BBG000BKYDP9"}
{"o":31.31,"c":31.3,"h":31.34,"l":31.3,"v":3067.0,"Time":"2020-11-24T15:20:00Z","Interval":"5min","Figi":"BBG000BKYDP9"}
{"o":31.31,"c":31.31,"h":31.34,"l":31.3,"v":3669.0,"Time":"2020-11-24T15:20:00Z","Interval":"5min","Figi":"BBG000BKYDP9"}
{"o":31.31,"c":31.32,"h":31.34,"l":31.3,"v":3673.0,"Time":"2020-11-24T15:20:00Z","Interval":"5min","Figi":"BBG000BKYDP9"}
{"o":31.31,"c":31.31,"h":31.34,"l":31.3,"v":3973.0,"Time":"2020-11-24T15:20:00Z","Interval":"5min","Figi":"BBG000BKYDP9"}
{"o":31.31,"c":31.31,"h":31.34,"l":31.3,"v":4078.0,"Time":"2020-11-24T15:20:00Z","Interval":"5min","Figi":"BBG000BKYDP9"}
{"o":31.31,"c":31.31,"h":31.34,"l":31.3,"v":4079.0,"Time":"2020-11-24T15:20:00Z","Interval":"5min","Figi":"BBG000BKYDP9"}
{"o":31.31,"c":31.31,"h":31.34,"l":31.3,"v":4179.0,"Time":"2020-11-24T15:20:00Z","Interval":"5min","Figi":"BBG000BKYDP9"}
{"o":31.31,"c":31.31,"h":31.34,"l":31.3,"v":4379.0,"Time":"2020-11-24T15:20:00Z","Interval":"5min","Figi":"BBG000BKYDP9"}
{"o":31.31,"c":31.31,"h":31.34,"l":31.3,"v":4479.0,"Time":"2020-11-24T15:20:00Z","Interval":"5min","Figi":"BBG000BKYDP9"}
{"o":31.31,"c":31.31,"h":31.34,"l":31.3,"v":4679.0,"Time":"2020-11-24T15:20:00Z","Interval":"5min","Figi":"BBG000BKYDP9"}
{"o":31.31,"c":31.31,"h":31.34,"l":31.3,"v":4879.0,"Time":"2020-11-24T15:20:00Z","Interval":"5min","Figi":"BBG000BKYDP9"}
{"o":31.31,"c":31.31,"h":31.34,"l":31.3,"v":4979.0,"Time":"2020-11-24T15:20:00Z","Interval":"5min","Figi":"BBG000BKYDP9"}
{"o":31.31,"c":31.31,"h":31.34,"l":31.3,"v":5178.0,"Time":"2020-11-24T15:20:00Z","Interval":"5min","Figi":"BBG000BKYDP9"}
{"o":31.31,"c":31.31,"h":31.34,"l":31.3,"v":5179.0,"Time":"2020-11-24T15:20:00Z","Interval":"5min","Figi":"BBG000BKYDP9"}
{"o":31.31,"c":31.32,"h":31.34,"l":31.3,"v":5381.0,"Time":"2020-11-24T15:20:00Z","Interval":"5min","Figi":"BBG000BKYDP9"}
{"o":31.31,"c":31.32,"h":31.34,"l":31.3,"v":5580.0,"Time":"2020-11-24T15:20:00Z","Interval":"5min","Figi":"BBG000BKYDP9"}
{"o":31.31,"c":31.31,"h":31.34,"l":31.3,"v":5780.0,"Time":"2020-11-24T15:20:00Z","Interval":"5min","Figi":"BBG000BKYDP9"}
{"o":31.31,"c":31.3,"h":31.34,"l":31.3,"v":5983.0,"Time":"2020-11-24T15:20:00Z","Interval":"5min","Figi":"BBG000BKYDP9"}
{"o":31.31,"c":31.3,"h":31.34,"l":31.3,"v":5984.0,"Time":"2020-11-24T15:20:00Z","Interval":"5min","Figi":"BBG000BKYDP9"}
{"o":31.31,"c":31.3,"h":31.34,"l":31.3,"v":6084.0,"Time":"2020-11-24T15:20:00Z","Interval":"5min","Figi":"BBG000BKYDP9"}
{"o":31.31,"c":31.29,"h":31.34,"l":31.29,"v":6346.0,"Time":"2020-11-24T15:20:00Z","Interval":"5min","Figi":"BBG000BKYDP9"}
{"o":31.31,"c":31.29,"h":31.34,"l":31.29,"v":6354.0,"Time":"2020-11-24T15:20:00Z","Interval":"5min","Figi":"BBG000BKYDP9"}
{"o":31.31,"c":31.29,"h":31.34,"l":31.29,"v":6647.0,"Time":"2020-11-24T15:20:00Z","Interval":"5min","Figi":"BBG000BKYDP9"}
{"o":31.31,"c":31.3,"h":31.34,"l":31.29,"v":7548.0,"Time":"2020-11-24T15:20:00Z","Interval":"5min","Figi":"BBG000BKYDP9"}
{"o":31.31,"c":31.31,"h":31.31,"l":31.31,"v":46.0,"Time":"2020-11-24T15:25:00Z","Interval":"5min","Figi":"BBG000BKYDP9"}
{"o":31.31,"c":31.31,"h":31.31,"l":31.31,"v":309.0,"Time":"2020-11-24T15:25:00Z","Interval":"5min","Figi":"BBG000BKYDP9"}
{"o":31.31,"c":31.32,"h":31.32,"l":31.31,"v":409.0,"Time":"2020-11-24T15:25:00Z","Interval":"5min","Figi":"BBG000BKYDP9"}
{"o":31.31,"c":31.32,"h":31.32,"l":31.31,"v":509.0,"Time":"2020-11-24T15:25:00Z","Interval":"5min","Figi":"BBG000BKYDP9"}
{"o":31.31,"c":31.31,"h":31.32,"l":31.31,"v":609.0,"Time":"2020-11-24T15:25:00Z","Interval":"5min","Figi":"BBG000BKYDP9"}
{"o":31.31,"c":31.31,"h":31.32,"l":31.31,"v":710.0,"Time":"2020-11-24T15:25:00Z","Interval":"5min","Figi":"BBG000BKYDP9"}
{"o":31.31,"c":31.32,"h":31.32,"l":31.31,"v":713.0,"Time":"2020-11-24T15:25:00Z","Interval":"5min","Figi":"BBG000BKYDP9"}
{"o":31.31,"c":31.32,"h":31.32,"l":31.31,"v":723.0,"Time":"2020-11-24T15:25:00Z","Interval":"5min","Figi":"BBG000BKYDP9"}
{"o":31.31,"c":31.32,"h":31.32,"l":31.31,"v":923.0,"Time":"2020-11-24T15:25:00Z","Interval":"5min","Figi":"BBG000BKYDP9"}
{"o":31.31,"c":31.32,"h":31.32,"l":31.31,"v":943.0,"Time":"2020-11-24T15:25:00Z","Interval":"5min","Figi":"BBG000BKYDP9"}
{"o":31.31,"c":31.31,"h":31.32,"l":31.31,"v":1225.0,"Time":"2020-11-24T15:25:00Z","Interval":"5min","Figi":"BBG000BKYDP9"}
{"o":31.31,"c":31.3,"h":31.32,"l":31.3,"v":1227.0,"Time":"2020-11-24T15:25:00Z","Interval":"5min","Figi":"BBG000BKYDP9"}
{"o":31.31,"c":31.3,"h":31.32,"l":31.3,"v":1304.0,"Time":"2020-11-24T15:25:00Z","Interval":"5min","Figi":"BBG000BKYDP9"}
{"o":31.31,"c":31.29,"h":31.32,"l":31.29,"v":1309.0,"Time":"2020-11-24T15:25:00Z","Interval":"5min","Figi":"BBG000BKYDP9"}
{"o":31.31,"c":31.29,"h":31.32,"l":31.29,"v":1509.0,"Time":"2020-11-24T15:25:00Z","Interval":"5min","Figi":"BBG000BKYDP9"}
{"o":31.31,"c":31.3,"h":31.32,"l":31.29,"v":1759.0,"Time":"2020-11-24T15:25:00Z","Interval":"5min","Figi":"BBG000BKYDP9"}
{"o":31.31,"c":31.31,"h":31.32,"l":31.29,"v":1761.0,"Time":"2020-11-24T15:25:00Z","Interval":"5min","Figi":"BBG000BKYDP9"}
{"o":31.31,"c":31.31,"h":31.32,"l":31.29,"v":1861.0,"Time":"2020-11-24T15:25:00Z","Interval":"5min","Figi":"BBG000BKYDP9"}
{"o":31.31,"c":31.31,"h":31.32,"l":31.29,"v":1961.0,"Time":"2020-11-24T15:25:00Z","Interval":"5min","Figi":"BBG000BKYDP9"}
{"o":31.31,"c":31.3,"h":31.32,"l":31.29,"v":2123.0,"Time":"2020-11-24T15:25:00Z","Interval":"5min","Figi":"BBG000BKYDP9"}
{"o":31.31,"c":31.29,"h":31.32,"l":31.29,"v":2323.0,"Time":"2020-11-24T15:25:00Z","Interval":"5min","Figi":"BBG000BKYDP9"}
{"o":31.31,"c":31.3,"h":31.32,"l":31.29,"v":2355.0,"Time":"2020-11-24T15:25:00Z","Interval":"5min","Figi":"BBG000BKYDP9"}
{"o":31.31,"c":31.3,"h":31.32,"l":31.29,"v":2424.0,"Time":"2020-11-24T15:25:00Z","Interval":"5min","Figi":"BBG000BKYDP9"}
{"o":31.31,"c":31.31,"h":31.32,"l":31.29,"v":2527.0,"Time":"2020-11-24T15:25:00Z","Interval":"5min","Figi":"BBG000BKYDP9"}
{"o":31.31,"c":31.32,"h":31.32,"l":31.29,"v":2532.0,"Time":"2020-11-24T15:25:00Z","Interval":"5min","Figi":"BBG000BKYDP9"}
{"o":31.31,"c":31.33,"h":31.33,"l":31.29,"v":2632.0,"Time":"2020-11-24T15:25:00Z","Interval":"5min","Figi":"BBG000BKYDP9"}
{"o":31.31,"c":31.34,"h":31.34,"l":31.29,"v":2633.0,"Time":"2020-11-24T15:25:00Z","Interval":"5min","Figi":"BBG000BKYDP9"}
{"o":31.31,"c":31.34,"h":31.34,"l":31.29,"v":2732.0,"Time":"2020-11-24T15:25:00Z","Interval":"5min","Figi":"BBG000BKYDP9"}
{"o":31.31,"c":31.34,"h":31.34,"l":31.29,"v":2733.0,"Time":"2020-11-24T15:25:00Z","Interval":"5min","Figi":"BBG000BKYDP9"}
{"o":31.31,"c":31.34,"h":31.34,"l":31.29,"v":2817.0,"Time":"2020-11-24T15:25:00Z","Interval":"5min","Figi":"BBG000BKYDP9"}
{"o":31.31,"c":31.34,"h":31.34,"l":31.29,"v":2917.0,"Time":"2020-11-24T15:25:00Z","Interval":"5min","Figi":"BBG000BKYDP9"}
{"o":31.31,"c":31.35,"h":31.35,"l":31.29,"v":3020.0,"Time":"2020-11-24T15:25:00Z","Interval":"5min","Figi":"BBG000BKYDP9"}
{"o":31.31,"c":31.36,"h":31.36,"l":31.29,"v":3320.0,"Time":"2020-11-24T15:25:00Z","Interval":"5min","Figi":"BBG000BKYDP9"}
{"o":31.31,"c":31.36,"h":31.36,"l":31.29,"v":3330.0,"Time":"2020-11-24T15:25:00Z","Interval":"5min","Figi":"BBG000BKYDP9"}
{"o":31.31,"c":31.36,"h":31.36,"l":31.29,"v":3460.0,"Time":"2020-11-24T15:25:00Z","Interval":"5min","Figi":"BBG000BKYDP9"}
{"o":31.31,"c":31.36,"h":31.36,"l":31.29,"v":3560.0,"Time":"2020-11-24T15:25:00Z","Interval":"5min","Figi":"BBG000BKYDP9"}
{"o":31.31,"c":31.35,"h":31.36,"l":31.29,"v":3660.0,"Time":"2020-11-24T15:25:00Z","Interval":"5min","Figi":"BBG000BKYDP9"}
{"o":31.31,"c":31.35,"h":31.36,"l":31.29,"v":3861.0,"Time":"2020-11-24T15:25:00Z","Interval":"5min","Figi":"BBG000BKYDP9"}
{"o":31.31,"c":31.35,"h":31.36,"l":31.29,"v":3961.0,"Time":"2020-11-24T15:25:00Z","Interval":"5min","Figi":"BBG000BKYDP9"}
{"o":31.31,"c":31.35,"h":31.36,"l":31.29,"v":4349.0,"Time":"2020-11-24T15:25:00Z","Interval":"5min","Figi":"BBG000BKYDP9"}
{"o":31.31,"c":31.34,"h":31.36,"l":31.29,"v":4354.0,"Time":"2020-11-24T15:25:00Z","Interval":"5min","Figi":"BBG000BKYDP9"}
{"o":31.31,"c":31.34,"h":31.36,"l":31.29,"v":4359.0,"Time":"2020-11-24T15:25:00Z","Interval":"5min","Figi":"BBG000BKYDP9"}
{"o":31.31,"c":31.35,"h":31.36,"l":31.29,"v":4454.0,"Time":"2020-11-24T15:25:00Z","Interval":"5min","Figi":"BBG000BKYDP9"}
{"o":31.31,"c":31.35,"h":31.36,"l":31.29,"v":4658.0,"Time":"2020-11-24T15:25:00Z","Interval":"5min","Figi":"BBG000BKYDP9"}
{"o":31.31,"c":31.35,"h":31.36,"l":31.29,"v":4758.0,"Time":"2020-11-24T15:25:00Z","Interval":"5min","Figi":"BBG000BKYDP9"}
{"o":31.31,"c":31.36,"h":31.36,"l":31.29,"v":4759.0,"Time":"2020-11-24T15:25:00Z","Interval":"5min","Figi":"BBG000BKYDP9"}
{"o":31.31,"c":31.36,"h":31.36,"l":31.29,"v":5059.0,"Time":"2020-11-24T15:25:00Z","Interval":"5min","Figi":"BBG000BKYDP9"}
{"o":31.31,"c":31.36,"h":31.36,"l":31.29,"v":5159.0,"Time":"2020-11-24T15:25:00Z","Interval":"5min","Figi":"BBG000BKYDP9"}
{"o":31.31,"c":31.37,"h":31.37,"l":31.29,"v":5259.0,"Time":"2020-11-24T15:25:00Z","Interval":"5min","Figi":"BBG000BKYDP9"}
{"o":31.31,"c":31.38,"h":31.38,"l":31.29,"v":5359.0,"Time":"2020-11-24T15:25:00Z","Interval":"5min","Figi":"BBG000BKYDP9"}
{"o":31.31,"c":31.38,"h":31.38,"l":31.29,"v":5459.0,"Time":"2020-11-24T15:25:00Z","Interval":"5min","Figi":"BBG000BKYDP9"}
{"o":31.31,"c":31.38,"h":31.38,"l":31.29,"v":5607.0,"Time":"2020-11-24T15:25:00Z","Interval":"5min","Figi":"BBG000BKYDP9"}
{"o":31.31,"c":31.38,"h":31.38,"l":31.29,"v":5707.0,"Time":"2020-11-24T15:25:00Z","Interval":"5min","Figi":"BBG000BKYDP9"}
{"o":31.37,"c":31.37,"h":31.37,"l":31.37,"v":179.0,"Time":"2020-11-24T15:30:00Z","Interval":"5min","Figi":"BBG000BKYDP9"}
{"o":31.37,"c":31.37,"h":31.37,"l":31.37,"v":181.0,"Time":"2020-11-24T15:30:00Z","Interval":"5min","Figi":"BBG000BKYDP9"}
{"o":31.37,"c":31.37,"h":31.37,"l":31.37,"v":182.0,"Time":"2020-11-24T15:30:00Z","Interval":"5min","Figi":"BBG000BKYDP9"}
{"o":31.37,"c":31.37,"h":31.37,"l":31.37,"v":482.0,"Time":"2020-11-24T15:30:00Z","Interval":"5min","Figi":"BBG000BKYDP9"}
{"o":31.37,"c":31.36,"h":31.37,"l":31.36,"v":582.0,"Time":"2020-11-24T15:30:00Z","Interval":"5min","Figi":"BBG000BKYDP9"}
{"o":31.37,"c":31.37,"h":31.37,"l":31.36,"v":682.0,"Time":"2020-11-24T15:30:00Z","Interval":"5min","Figi":"BBG000BKYDP9"}
{"o":31.37,"c":31.36,"h":31.37,"l":31.36,"v":863.0,"Time":"2020-11-24T15:30:00Z","Interval":"5min","Figi":"BBG000BKYDP9"}
{"o":31.37,"c":31.36,"h":31.37,"l":31.36,"v":963.0,"Time":"2020-11-24T15:30:00Z","Interval":"5min","Figi":"BBG000BKYDP9"}
{"o":31.37,"c":31.36,"h":31.37,"l":31.36,"v":1399.0,"Time":"2020-11-24T15:30:00Z","Interval":"5min","Figi":"BBG000BKYDP9"}
{"o":31.37,"c":31.36,"h":31.37,"l":31.36,"v":1499.0,"Time":"2020-11-24T15:30:00Z","Interval":"5min","Figi":"BBG000BKYDP9"}
{"o":31.37,"c":31.36,"h":31.37,"l":31.36,"v":1599.0,"Time":"2020-11-24T15:30:00Z","Interval":"5min","Figi":"BBG000BKYDP9"}
{"o":31.37,"c":31.36,"h":31.37,"l":31.36,"v":1699.0,"Time":"2020-11-24T15:30:00Z","Interval":"5min","Figi":"BBG000BKYDP9"}
{"o":31.37,"c":31.36,"h":31.37,"l":31.36,"v":1899.0,"Time":"2020-11-24T15:30:00Z","Interval":"5min","Figi":"BBG000BKYDP9"}
{"o":31.37,"c":31.35,"h":31.37,"l":31.35,"v":2099.0,"Time":"2020-11-24T15:30:00Z","Interval":"5min","Figi":"BBG000BKYDP9"}
{"o":31.37,"c":31.35,"h":31.37,"l":31.34,"v":2832.0,"Time":"2020-11-24T15:30:00Z","Interval":"5min","Figi":"BBG000BKYDP9"}
{"o":31.37,"c":31.35,"h":31.37,"l":31.34,"v":3149.0,"Time":"2020-11-24T15:30:00Z","Interval":"5min","Figi":"BBG000BKYDP9"}
{"o":31.37,"c":31.35,"h":31.37,"l":31.34,"v":3327.0,"Time":"2020-11-24T15:30:00Z","Interval":"5min","Figi":"BBG000BKYDP9"}
{"o":31.37,"c":31.35,"h":31.37,"l":31.34,"v":3527.0,"Time":"2020-11-24T15:30:00Z","Interval":"5min","Figi":"BBG000BKYDP9"}
{"o":31.37,"c":31.35,"h":31.37,"l":31.34,"v":3923.0,"Time":"2020-11-24T15:30:00Z","Interval":"5min","Figi":"BBG000BKYDP9"}
{"o":31.37,"c":31.35,"h":31.37,"l":31.34,"v":4023.0,"Time":"2020-11-24T15:30:00Z","Interval":"5min","Figi":"BBG000BKYDP9"}
{"o":31.37,"c":31.34,"h":31.37,"l":31.34,"v":4123.0,"Time":"2020-11-24T15:30:00Z","Interval":"5min","Figi":"BBG000BKYDP9"}
{"o":31.37,"c":31.33,"h":31.37,"l":31.33,"v":4223.0,"Time":"2020-11-24T15:30:00Z","Interval":"5min","Figi":"BBG000BKYDP9"}
{"o":31.37,"c":31.32,"h":31.37,"l":31.32,"v":4423.0,"Time":"2020-11-24T15:30:00Z","Interval":"5min","Figi":"BBG000BKYDP9"}
{"o":31.37,"c":31.32,"h":31.37,"l":31.32,"v":4523.0,"Time":"2020-11-24T15:30:00Z","Interval":"5min","Figi":"BBG000BKYDP9"}
{"o":31.37,"c":31.32,"h":31.37,"l":31.32,"v":4599.0,"Time":"2020-11-24T15:30:00Z","Interval":"5min","Figi":"BBG000BKYDP9"}
{"o":31.37,"c":31.32,"h":31.37,"l":31.32,"v":4699.0,"Time":"2020-11-24T15:30:00Z","Interval":"5min","Figi":"BBG000BKYDP9"}
{"o":31.37,"c":31.31,"h":31.37,"l":31.31,"v":4799.0,"Time":"2020-11-24T15:30:00Z","Interval":"5min","Figi":"BBG000BKYDP9"}
{"o":31.37,"c":31.3,"h":31.37,"l":31.3,"v":5119.0,"Time":"2020-11-24T15:30:00Z","Interval":"5min","Figi":"BBG000BKYDP9"}
{"o":31.37,"c":31.3,"h":31.37,"l":31.3,"v":5219.0,"Time":"2020-11-24T15:30:00Z","Interval":"5min","Figi":"BBG000BKYDP9"}
{"o":31.37,"c":31.3,"h":31.37,"l":31.3,"v":5231.0,"Time":"2020-11-24T15:30:00Z","Interval":"5min","Figi":"BBG000BKYDP9"}
{"o":31.37,"c":31.3,"h":31.37,"l":31.3,"v":5519.0,"Time":"2020-11-24T15:30:00Z","Interval":"5min","Figi":"BBG000BKYDP9"}
{"o":31.37,"c":31.29,"h":31.37,"l":31.29,"v":5919.0,"Time":"2020-11-24T15:30:00Z","Interval":"5min","Figi":"BBG000BKYDP9"}
{"o":31.37,"c":31.29,"h":31.37,"l":31.29,"v":6119.0,"Time":"2020-11-24T15:30:00Z","Interval":"5min","Figi":"BBG000BKYDP9"}
{"o":31.37,"c":31.29,"h":31.37,"l":31.29,"v":6249.0,"Time":"2020-11-24T15:30:00Z","Interval":"5min","Figi":"BBG000BKYDP9"}
{"o":31.37,"c":31.3,"h":31.37,"l":31.29,"v":6349.0,"Time":"2020-11-24T15:30:00Z","Interval":"5min","Figi":"BBG000BKYDP9"}
{"o":31.37,"c":31.3,"h":31.37,"l":31.29,"v":6379.0,"Time":"2020-11-24T15:30:00Z","Interval":"5min","Figi":"BBG000BKYDP9"}
{"o":31.37,"c":31.3,"h":31.37,"l":31.29,"v":6449.0,"Time":"2020-11-24T15:30:00Z","Interval":"5min","Figi":"BBG000BKYDP9"}
{"o":31.37,"c":31.3,"h":31.37,"l":31.29,"v":6481.0,"Time":"2020-11-24T15:30:00Z","Interval":"5min","Figi":"BBG000BKYDP9"}
{"o":31.37,"c":31.31,"h":31.37,"l":31.29,"v":6598.0,"Time":"2020-11-24T15:30:00Z","Interval":"5min","Figi":"BBG000BKYDP9"}
{"o":31.37,"c":31.32,"h":31.37,"l":31.29,"v":7498.0,"Time":"2020-11-24T15:30:00Z","Interval":"5min","Figi":"BBG000BKYDP9"}
{"o":31.37,"c":31.32,"h":31.37,"l":31.29,"v":7598.0,"Time":"2020-11-24T15:30:00Z","Interval":"5min","Figi":"BBG000BKYDP9"}
{"o":31.37,"c":31.31,"h":31.37,"l":31.29,"v":7676.0,"Time":"2020-11-24T15:30:00Z","Interval":"5min","Figi":"BBG000BKYDP9"}
{"o":31.37,"c":31.32,"h":31.37,"l":31.29,"v":7754.0,"Time":"2020-11-24T15:30:00Z","Interval":"5min","Figi":"BBG000BKYDP9"}
{"o":31.37,"c":31.33,"h":31.37,"l":31.29,"v":7955.0,"Time":"2020-11-24T15:30:00Z","Interval":"5min","Figi":"BBG000BKYDP9"}
{"o":31.37,"c":31.33,"h":31.37,"l":31.29,"v":8058.0,"Time":"2020-11-24T15:30:00Z","Interval":"5min","Figi":"BBG000BKYDP9"}
{"o":31.37,"c":31.34,"h":31.37,"l":31.29,"v":8458.0,"Time":"2020-11-24T15:30:00Z","Interval":"5min","Figi":"BBG000BKYDP9"}
{"o":31.37,"c":31.35,"h":31.37,"l":31.29,"v":8758.0,"Time":"2020-11-24T15:30:00Z","Interval":"5min","Figi":"BBG000BKYDP9"}
{"o":31.37,"c":31.35,"h":31.37,"l":31.29,"v":8866.0,"Time":"2020-11-24T15:30:00Z","Interval":"5min","Figi":"BBG000BKYDP9"}
{"o":31.37,"c":31.34,"h":31.37,"l":31.29,"v":9066.0,"Time":"2020-11-24T15:30:00Z","Interval":"5min","Figi":"BBG000BKYDP9"}
{"o":31.37,"c":31.34,"h":31.37,"l":31.29,"v":9166.0,"Time":"2020-11-24T15:30:00Z","Interval":"5min","Figi":"BBG000BKYDP9"}
{"o":31.37,"c":31.33,"h":31.37,"l":31.29,"v":9266.0,"Time":"2020-11-24T15:30:00Z","Interval":"5min","Figi":"BBG000BKYDP9"}
{"o":31.37,"c":31.33,"h":31.37,"l":31.29,"v":9269.0,"Time":"2020-11-24T15:30:00Z","Interval":"5min","Figi":"BBG000BKYDP9"}
{"o":31.37,"c":31.33,"h":31.37,"l":31.29,"v":9292.0,"Time":"2020-11-24T15:30:00Z","Interval":"5min","Figi":"BBG000BKYDP9"}
{"o":31.37,"c":31.32,"h":31.37,"l":31.29,"v":9492.0,"Time":"2020-11-24T15:30:00Z","Interval":"5min","Figi":"BBG000BKYDP9"}
{"o":31.37,"c":31.32,"h":31.37,"l":31.29,"v":9573.0,"Time":"2020-11-24T15:30:00Z","Interval":"5min","Figi":"BBG000BKYDP9"}
{"o":31.37,"c":31.32,"h":31.37,"l":31.29,"v":9625.0,"Time":"2020-11-24T15:30:00Z","Interval":"5min","Figi":"BBG000BKYDP9"}
{"o":31.37,"c":31.32,"h":31.37,"l":31.29,"v":9642.0,"Time":"2020-11-24T15:30:00Z","Interval":"5min","Figi":"BBG000BKYDP9"}
{"o":31.37,"c":31.32,"h":31.37,"l":31.29,"v":9654.0,"Time":"2020-11-24T15:30:00Z","Interval":"5min","Figi":"BBG000BKYDP9"}
{"o":31.37,"c":31.32,"h":31.37,"l":31.29,"v":9754.0,"Time":"2020-11-24T15:30:00Z","Interval":"5min","Figi":"BBG000BKYDP9"}
{"o":31.37,"c":31.32,"h":31.37,"l":31.29,"v":9854.0,"Time":"2020-11-24T15:30:00Z","Interval":"5min","Figi":"BBG000BKYDP9"}
{"o":31.37,"c":31.3,"h":31.37,"l":31.29,"v":10155.0,"Time":"2020-11-24T15:30:00Z","Interval":"5min","Figi":"BBG000BKYDP9"}
{"o":31.37,"c":31.32,"h":31.37,"l":31.29,"v":10813.0,"Time":"2020-11-24T15:30:00Z","Interval":"5min","Figi":"BBG000BKYDP9"}
{"o":31.37,"c":31.32,"h":31.37,"l":31.29,"v":10852.0,"Time":"2020-11-24T15:30:00Z","Interval":"5min","Figi":"BBG000BKYDP9"}
{"o":31.37,"c":31.33,"h":31.37,"l":31.29,"v":10856.0,"Time":"2020-11-24T15:30:00Z","Interval":"5min","Figi":"BBG000BKYDP9"}
{"o":31.37,"c":31.34,"h":31.37,"l":31.29,"v":10862.0,"Time":"2020-11-24T15:30:00Z","Interval":"5min","Figi":"BBG000BKYDP9"}
{"o":31.37,"c":31.34,"h":31.37,"l":31.29,"v":11162.0,"Time":"2020-11-24T15:30:00Z","Interval":"5min","Figi":"BBG000BKYDP9"}
{"o":31.37,"c":31.35,"h":31.37,"l":31.29,"v":11262.0,"Time":"2020-11-24T15:30:00Z","Interval":"5min","Figi":"BBG000BKYDP9"}
{"o":31.37,"c":31.36,"h":31.37,"l":31.29,"v":11300.0,"Time":"2020-11-24T15:30:00Z","Interval":"5min","Figi":"BBG000BKYDP9"}
{"o":31.37,"c":31.36,"h":31.37,"l":31.29,"v":11463.0,"Time":"2020-11-24T15:30:00Z","Interval":"5min","Figi":"BBG000BKYDP9"}
{"o":31.37,"c":31.36,"h":31.37,"l":31.29,"v":11465.0,"Time":"2020-11-24T15:30:00Z","Interval":"5min","Figi":"BBG000BKYDP9"}
{"o":31.37,"c":31.36,"h":31.37,"l":31.29,"v":11665.0,"Time":"2020-11-24T15:30:00Z","Interval":"5min","Figi":"BBG000BKYDP9"}
{"o":31.37,"c":31.36,"h":31.37,"l":31.29,"v":11827.0,"Time":"2020-11-24T15:30:00Z","Interval":"5min","Figi":"BBG000BKYDP9"}
{"o":31.37,"c":31.35,"h":31.37,"l":31.29,"v":11831.0,"Time":"2020-11-24T15:30:00Z","Interval":"5min","Figi":"BBG000BKYDP9"}
{"o":31.37,"c":31.35,"h":31.37,"l":31.29,"v":12130.0,"Time":"2020-11-24T15:30:00Z","Interval":"5min","Figi":"BBG000BKYDP9"}
{"o":31.37,"c":31.35,"h":31.37,"l":31.29,"v":12152.0,"Time":"2020-11-24T15:30:00Z","Interval":"5min","Figi":"BBG000BKYDP9"}
{"o":31.37,"c":31.35,"h":31.37,"l":31.29,"v":12172.0,"Time":"2020-11-24T15:30:00Z","Interval":"5min","Figi":"BBG000BKYDP9"}
{"o":31.37,"c":31.35,"h":31.37,"l":31.29,"v":12472.0,"Time":"2020-11-24T15:30:00Z","Interval":"5min","Figi":"BBG000BKYDP9"}
{"o":31.37,"c":31.35,"h":31.37,"l":31.29,"v":12572.0,"Time":"2020-11-24T15:30:00Z","Interval":"5min","Figi":"BBG000BKYDP9"}
{"o":31.37,"c":31.35,"h":31.37,"l":31.29,"v":12573.0,"Time":"2020-11-24T15:30:00Z","Interval":"5min","Figi":"BBG000BKYDP9"}
{"o":31.37,"c":31.36,"h":31.37,"l":31.29,"v":12576.0,"Time":"2020-11-24T15:30:00Z","Interval":"5min","Figi":"BBG000BKYDP9"}
{"o":31.37,"c":31.35,"h":31.37,"l":31.29,"v":12577.0,"Time":"2020-11-24T15:30:00Z","Interval":"5min","Figi":"BBG000BKYDP9"}
{"o":31.37,"c":31.35,"h":31.37,"l":31.29,"v":12776.0,"Time":"2020-11-24T15:30:00Z","Interval":"5min","Figi":"BBG000BKYDP9"}
{"o":31.37,"c":31.34,"h":31.37,"l":31.29,"v":12925.0,"Time":"2020-11-24T15:30:00Z","Interval":"5min","Figi":"BBG000BKYDP9"}
{"o":31.37,"c":31.34,"h":31.37,"l":31.29,"v":13125.0,"Time":"2020-11-24T15:30:00Z","Interval":"5min","Figi":"BBG000BKYDP9"}
{"o":31.37,"c":31.34,"h":31.37,"l":31.29,"v":13127.0,"Time":"2020-11-24T15:30:00Z","Interval":"5min","Figi":"BBG000BKYDP9"}
{"o":31.37,"c":31.35,"h":31.37,"l":31.29,"v":13227.0,"Time":"2020-11-24T15:30:00Z","Interval":"5min","Figi":"BBG000BKYDP9"}
{"o":31.37,"c":31.34,"h":31.37,"l":31.29,"v":13429.0,"Time":"2020-11-24T15:30:00Z","Interval":"5min","Figi":"BBG000BKYDP9"}
{"o":31.37,"c":31.34,"h":31.37,"l":31.29,"v":13930.0,"Time":"2020-11-24T15:30:00Z","Interval":"5min","Figi":"BBG000BKYDP9"}
{"o":31.37,"c":31.34,"h":31.37,"l":31.29,"v":13938.0,"Time":"2020-11-24T15:30:00Z","Interval":"5min","Figi":"BBG000BKYDP9"}
{"o":31.37,"c":31.33,"h":31.37,"l":31.29,"v":13999.0,"Time":"2020-11-24T15:30:00Z","Interval":"5min","Figi":"BBG000BKYDP9"}
{"o":31.37,"c":31.33,"h":31.37,"l":31.29,"v":14034.0,"Time":"2020-11-24T15:30:00Z","Interval":"5min","Figi":"BBG000BKYDP9"}
{"o":31.37,"c":31.33,"h":31.37,"l":31.29,"v":14134.0,"Time":"2020-11-24T15:30:00Z","Interval":"5min","Figi":"BBG000BKYDP9"}
{"o":31.37,"c":31.34,"h":31.37,"l":31.29,"v":14218.0,"Time":"2020-11-24T15:30:00Z","Interval":"5min","Figi":"BBG000BKYDP9"}
{"o":31.37,"c":31.34,"h":31.37,"l":31.29,"v":14418.0,"Time":"2020-11-24T15:30:00Z","Interval":"5min","Figi":"BBG000BKYDP9"}
{"o":31.37,"c":31.34,"h":31.37,"l":31.29,"v":14518.0,"Time":"2020-11-24T15:30:00Z","Interval":"5min","Figi":"BBG000BKYDP9"}
{"o":31.37,"c":31.34,"h":31.37,"l":31.29,"v":14618.0,"Time":"2020-11-24T15:30:00Z","Interval":"5min","Figi":"BBG000BKYDP9"}
{"o":31.34,"c":31.34,"h":31.34,"l":31.34,"v":237.0,"Time":"2020-11-24T15:35:00Z","Interval":"5min","Figi":"BBG000BKYDP9"}
{"o":31.34,"c":31.35,"h":31.35,"l":31.34,"v":337.0,"Time":"2020-11-24T15:35:00Z","Interval":"5min","Figi":"BBG000BKYDP9"}
{"o":31.34,"c":31.35,"h":31.35,"l":31.34,"v":437.0,"Time":"2020-11-24T15:35:00Z","Interval":"5min","Figi":"BBG000BKYDP9"}
{"o":31.34,"c":31.35,"h":31.35,"l":31.34,"v":537.0,"Time":"2020-11-24T15:35:00Z","Interval":"5min","Figi":"BBG000BKYDP9"}
{"o":31.34,"c":31.35,"h":31.35,"l":31.34,"v":742.0,"Time":"2020-11-24T15:35:00Z","Interval":"5min","Figi":"BBG000BKYDP9"}
{"o":31.34,"c":31.36,"h":31.36,"l":31.34,"v":790.0,"Time":"2020-11-24T15:35:00Z","Interval":"5min","Figi":"BBG000BKYDP9"}
{"o":31.34,"c":31.36,"h":31.36,"l":31.34,"v":948.0,"Time":"2020-11-24T15:35:00Z","Interval":"5min","Figi":"BBG000BKYDP9"}
{"o":31.34,"c":31.36,"h":31.36,"l":31.34,"v":978.0,"Time":"2020-11-24T15:35:00Z","Interval":"5min","Figi":"BBG000BKYDP9"}
{"o":31.34,"c":31.36,"h":31.36,"l":31.34,"v":1260.0,"Time":"2020-11-24T15:35:00Z","Interval":"5min","Figi":"BBG000BKYDP9"}
{"o":31.34,"c":31.36,"h":31.36,"l":31.34,"v":1660.0,"Time":"2020-11-24T15:35:00Z","Interval":"5min","Figi":"BBG000BKYDP9"}
{"o":31.34,"c":31.36,"h":31.36,"l":31.34,"v":2060.0,"Time":"2020-11-24T15:35:00Z","Interval":"5min","Figi":"BBG000BKYDP9"}
{"o":31.34,"c":31.36,"h":31.36,"l":31.34,"v":2160.0,"Time":"2020-11-24T15:35:00Z","Interval":"5min","Figi":"BBG000BKYDP9"}
{"o":31.34,"c":31.36,"h":31.36,"l":31.34,"v":2260.0,"Time":"2020-11-24T15:35:00Z","Interval":"5min","Figi":"BBG000BKYDP9"}
{"o":31.34,"c":31.36,"h":31.36,"l":31.34,"v":2307.0,"Time":"2020-11-24T15:35:00Z","Interval":"5min","Figi":"BBG000BKYDP9"}
{"o":31.34,"c":31.36,"h":31.36,"l":31.34,"v":2407.0,"Time":"2020-11-24T15:35:00Z","Interval":"5min","Figi":"BBG000BKYDP9"}
{"o":31.34,"c":31.37,"h":31.37,"l":31.34,"v":2784.0,"Time":"2020-11-24T15:35:00Z","Interval":"5min","Figi":"BBG000BKYDP9"}
{"o":31.34,"c":31.37,"h":31.37,"l":31.34,"v":2885.0,"Time":"2020-11-24T15:35:00Z","Interval":"5min","Figi":"BBG000BKYDP9"}
{"o":31.34,"c":31.38,"h":31.38,"l":31.34,"v":3172.0,"Time":"2020-11-24T15:35:00Z","Interval":"5min","Figi":"BBG000BKYDP9"}
{"o":31.34,"c":31.36,"h":31.38,"l":31.34,"v":3195.0,"Time":"2020-11-24T15:35:00Z","Interval":"5min","Figi":"BBG000BKYDP9"}
{"o":31.34,"c":31.36,"h":31.38,"l":31.34,"v":3295.0,"Time":"2020-11-24T15:35:00Z","Interval":"5min","Figi":"BBG000BKYDP9"}
{"o":31.34,"c":31.36,"h":31.38,"l":31.34,"v":3395.0,"Time":"2020-11-24T15:35:00Z","Interval":"5min","Figi":"BBG000BKYDP9"}
{"o":31.34,"c":31.35,"h":31.38,"l":31.34,"v":3615.0,"Time":"2020-11-24T15:35:00Z","Interval":"5min","Figi":"BBG000BKYDP9"}
{"o":31.34,"c":31.35,"h":31.38,"l":31.34,"v":3725.0,"Time":"2020-11-24T15:35:00Z","Interval":"5min","Figi":"BBG000BKYDP9"}
{"o":31.34,"c":31.34,"h":31.38,"l":31.34,"v":3765.0,"Time":"2020-11-24T15:35:00Z","Interval":"5min","Figi":"BBG000BKYDP9"}
{"o":31.34,"c":31.34,"h":31.38,"l":31.34,"v":4105.0,"Time":"2020-11-24T15:35:00Z","Interval":"5min","Figi":"BBG000BKYDP9"}
{"o":31.34,"c":31.34,"h":31.38,"l":31.34,"v":4205.0,"Time":"2020-11-24T15:35:00Z","Interval":"5min","Figi":"BBG000BKYDP9"}
{"o":31.34,"c":31.34,"h":31.38,"l":31.34,"v":4305.0,"Time":"2020-11-24T15:35:00Z","Interval":"5min","Figi":"BBG000BKYDP9"}
{"o":31.34,"c":31.35,"h":31.38,"l":31.34,"v":4505.0,"Time":"2020-11-24T15:35:00Z","Interval":"5min","Figi":"BBG000BKYDP9"}
{"o":31.34,"c":31.35,"h":31.38,"l":31.34,"v":5013.0,"Time":"2020-11-24T15:35:00Z","Interval":"5min","Figi":"BBG000BKYDP9"}
{"o":31.34,"c":31.35,"h":31.38,"l":31.34,"v":5114.0,"Time":"2020-11-24T15:35:00Z","Interval":"5min","Figi":"BBG000BKYDP9"}
{"o":31.34,"c":31.34,"h":31.38,"l":31.33,"v":5858.0,"Time":"2020-11-24T15:35:00Z","Interval":"5min","Figi":"BBG000BKYDP9"}
{"o":31.34,"c":31.34,"h":31.38,"l":31.34,"v":5227.0,"Time":"2020-11-24T15:35:00Z","Interval":"5min","Figi":"BBG000BKYDP9"}
{"o":31.34,"c":31.34,"h":31.38,"l":31.33,"v":5958.0,"Time":"2020-11-24T15:35:00Z","Interval":"5min","Figi":"BBG000BKYDP9"}
{"o":31.34,"c":31.34,"h":31.38,"l":31.33,"v":6058.0,"Time":"2020-11-24T15:35:00Z","Interval":"5min","Figi":"BBG000BKYDP9"}
{"o":31.34,"c":31.34,"h":31.38,"l":31.33,"v":6260.0,"Time":"2020-11-24T15:35:00Z","Interval":"5min","Figi":"BBG000BKYDP9"}
{"o":31.34,"c":31.34,"h":31.38,"l":31.33,"v":6460.0,"Time":"2020-11-24T15:35:00Z","Interval":"5min","Figi":"BBG000BKYDP9"}
{"o":31.34,"c":31.34,"h":31.38,"l":31.33,"v":6560.0,"Time":"2020-11-24T15:35:00Z","Interval":"5min","Figi":"BBG000BKYDP9"}
{"o":31.34,"c":31.34,"h":31.38,"l":31.33,"v":6660.0,"Time":"2020-11-24T15:35:00Z","Interval":"5min","Figi":"BBG000BKYDP9"}
{"o":31.34,"c":31.33,"h":31.38,"l":31.33,"v":7122.0,"Time":"2020-11-24T15:35:00Z","Interval":"5min","Figi":"BBG000BKYDP9"}
{"o":31.34,"c":31.32,"h":31.38,"l":31.32,"v":7134.0,"Time":"2020-11-24T15:35:00Z","Interval":"5min","Figi":"BBG000BKYDP9"}
{"o":31.34,"c":31.32,"h":31.38,"l":31.32,"v":7534.0,"Time":"2020-11-24T15:35:00Z","Interval":"5min","Figi":"BBG000BKYDP9"}
{"o":31.34,"c":31.32,"h":31.38,"l":31.32,"v":7634.0,"Time":"2020-11-24T15:35:00Z","Interval":"5min","Figi":"BBG000BKYDP9"}
{"o":31.34,"c":31.32,"h":31.38,"l":31.32,"v":7641.0,"Time":"2020-11-24T15:35:00Z","Interval":"5min","Figi":"BBG000BKYDP9"}
{"o":31.34,"c":31.32,"h":31.38,"l":31.32,"v":7743.0,"Time":"2020-11-24T15:35:00Z","Interval":"5min","Figi":"BBG000BKYDP9"}
{"o":31.34,"c":31.32,"h":31.38,"l":31.32,"v":7943.0,"Time":"2020-11-24T15:35:00Z","Interval":"5min","Figi":"BBG000BKYDP9"}
{"o":31.34,"c":31.32,"h":31.38,"l":31.32,"v":8079.0,"Time":"2020-11-24T15:35:00Z","Interval":"5min","Figi":"BBG000BKYDP9"}
{"o":31.34,"c":31.32,"h":31.38,"l":31.32,"v":8526.0,"Time":"2020-11-24T15:35:00Z","Interval":"5min","Figi":"BBG000BKYDP9"}
{"o":31.34,"c":31.32,"h":31.38,"l":31.32,"v":8726.0,"Time":"2020-11-24T15:35:00Z","Interval":"5min","Figi":"BBG000BKYDP9"}
{"o":31.34,"c":31.32,"h":31.38,"l":31.32,"v":8826.0,"Time":"2020-11-24T15:35:00Z","Interval":"5min","Figi":"BBG000BKYDP9"}
{"o":31.34,"c":31.31,"h":31.38,"l":31.31,"v":8830.0,"Time":"2020-11-24T15:35:00Z","Interval":"5min","Figi":"BBG000BKYDP9"}
{"o":31.34,"c":31.3,"h":31.38,"l":31.3,"v":9030.0,"Time":"2020-11-24T15:35:00Z","Interval":"5min","Figi":"BBG000BKYDP9"}
{"o":31.34,"c":31.3,"h":31.38,"l":31.3,"v":9530.0,"Time":"2020-11-24T15:35:00Z","Interval":"5min","Figi":"BBG000BKYDP9"}
{"o":31.34,"c":31.31,"h":31.38,"l":31.3,"v":9949.0,"Time":"2020-11-24T15:35:00Z","Interval":"5min","Figi":"BBG000BKYDP9"}
{"o":31.34,"c":31.31,"h":31.38,"l":31.3,"v":10030.0,"Time":"2020-11-24T15:35:00Z","Interval":"5min","Figi":"BBG000BKYDP9"}
{"o":31.34,"c":31.31,"h":31.38,"l":31.3,"v":10130.0,"Time":"2020-11-24T15:35:00Z","Interval":"5min","Figi":"BBG000BKYDP9"}
{"o":31.34,"c":31.31,"h":31.38,"l":31.3,"v":10330.0,"Time":"2020-11-24T15:35:00Z","Interval":"5min","Figi":"BBG000BKYDP9"}
{"o":31.34,"c":31.31,"h":31.38,"l":31.3,"v":10430.0,"Time":"2020-11-24T15:35:00Z","Interval":"5min","Figi":"BBG000BKYDP9"}
{"o":31.34,"c":31.31,"h":31.38,"l":31.3,"v":10530.0,"Time":"2020-11-24T15:35:00Z","Interval":"5min","Figi":"BBG000BKYDP9"}
{"o":31.34,"c":31.3,"h":31.38,"l":31.3,"v":10630.0,"Time":"2020-11-24T15:35:00Z","Interval":"5min","Figi":"BBG000BKYDP9"}
{"o":31.34,"c":31.3,"h":31.38,"l":31.3,"v":10695.0,"Time":"2020-11-24T15:35:00Z","Interval":"5min","Figi":"BBG000BKYDP9"}
{"o":31.34,"c":31.3,"h":31.38,"l":31.3,"v":10984.0,"Time":"2020-11-24T15:35:00Z","Interval":"5min","Figi":"BBG000BKYDP9"}
{"o":31.34,"c":31.3,"h":31.38,"l":31.3,"v":10985.0,"Time":"2020-11-24T15:35:00Z","Interval":"5min","Figi":"BBG000BKYDP9"}
{"o":31.34,"c":31.31,"h":31.38,"l":31.3,"v":11367.0,"Time":"2020-11-24T15:35:00Z","Interval":"5min","Figi":"BBG000BKYDP9"}
{"o":31.34,"c":31.31,"h":31.38,"l":31.3,"v":11394.0,"Time":"2020-11-24T15:35:00Z","Interval":"5min","Figi":"BBG000BKYDP9"}
{"o":31.34,"c":31.32,"h":31.38,"l":31.3,"v":11694.0,"Time":"2020-11-24T15:35:00Z","Interval":"5min","Figi":"BBG000BKYDP9"}
{"o":31.34,"c":31.32,"h":31.38,"l":31.3,"v":11701.0,"Time":"2020-11-24T15:35:00Z","Interval":"5min","Figi":"BBG000BKYDP9"}
{"o":31.34,"c":31.32,"h":31.38,"l":31.3,"v":11708.0,"Time":"2020-11-24T15:35:00Z","Interval":"5min","Figi":"BBG000BKYDP9"}
{"o":31.34,"c":31.32,"h":31.38,"l":31.3,"v":11751.0,"Time":"2020-11-24T15:35:00Z","Interval":"5min","Figi":"BBG000BKYDP9"}
{"o":31.34,"c":31.32,"h":31.38,"l":31.3,"v":11955.0,"Time":"2020-11-24T15:35:00Z","Interval":"5min","Figi":"BBG000BKYDP9"}
{"o":31.34,"c":31.3,"h":31.38,"l":31.3,"v":12423.0,"Time":"2020-11-24T15:35:00Z","Interval":"5min","Figi":"BBG000BKYDP9"}
{"o":31.34,"c":31.3,"h":31.38,"l":31.3,"v":12523.0,"Time":"2020-11-24T15:35:00Z","Interval":"5min","Figi":"BBG000BKYDP9"}
{"o":31.34,"c":31.3,"h":31.38,"l":31.3,"v":12723.0,"Time":"2020-11-24T15:35:00Z","Interval":"5min","Figi":"BBG000BKYDP9"}
{"o":31.34,"c":31.29,"h":31.38,"l":31.29,"v":12923.0,"Time":"2020-11-24T15:35:00Z","Interval":"5min","Figi":"BBG000BKYDP9"}
{"o":31.34,"c":31.29,"h":31.38,"l":31.29,"v":13245.0,"Time":"2020-11-24T15:35:00Z","Interval":"5min","Figi":"BBG000BKYDP9"}
{"o":31.34,"c":31.29,"h":31.38,"l":31.29,"v":13297.0,"Time":"2020-11-24T15:35:00Z","Interval":"5min","Figi":"BBG000BKYDP9"}
{"o":31.3,"c":31.3,"h":31.3,"l":31.3,"v":151.0,"Time":"2020-11-24T15:40:00Z","Interval":"5min","Figi":"BBG000BKYDP9"}
{"o":31.3,"c":31.31,"h":31.31,"l":31.3,"v":251.0,"Time":"2020-11-24T15:40:00Z","Interval":"5min","Figi":"BBG000BKYDP9"}
{"o":31.3,"c":31.31,"h":31.31,"l":31.3,"v":351.0,"Time":"2020-11-24T15:40:00Z","Interval":"5min","Figi":"BBG000BKYDP9"}
{"o":31.3,"c":31.31,"h":31.31,"l":31.3,"v":451.0,"Time":"2020-11-24T15:40:00Z","Interval":"5min","Figi":"BBG000BKYDP9"}
{"o":31.3,"c":31.31,"h":31.31,"l":31.3,"v":460.0,"Time":"2020-11-24T15:40:00Z","Interval":"5min","Figi":"BBG000BKYDP9"}
{"o":31.3,"c":31.31,"h":31.31,"l":31.3,"v":946.0,"Time":"2020-11-24T15:40:00Z","Interval":"5min","Figi":"BBG000BKYDP9"}
{"o":31.3,"c":31.31,"h":31.31,"l":31.3,"v":972.0,"Time":"2020-11-24T15:40:00Z","Interval":"5min","Figi":"BBG000BKYDP9"}
{"o":31.3,"c":31.32,"h":31.32,"l":31.3,"v":981.0,"Time":"2020-11-24T15:40:00Z","Interval":"5min","Figi":"BBG000BKYDP9"}
{"o":31.3,"c":31.31,"h":31.32,"l":31.3,"v":1285.0,"Time":"2020-11-24T15:40:00Z","Interval":"5min","Figi":"BBG000BKYDP9"}
{"o":31.3,"c":31.3,"h":31.32,"l":31.3,"v":1315.0,"Time":"2020-11-24T15:40:00Z","Interval":"5min","Figi":"BBG000BKYDP9"}
{"o":31.3,"c":31.3,"h":31.32,"l":31.3,"v":1415.0,"Time":"2020-11-24T15:40:00Z","Interval":"5min","Figi":"BBG000BKYDP9"}
{"o":31.3,"c":31.3,"h":31.32,"l":31.3,"v":1625.0,"Time":"2020-11-24T15:40:00Z","Interval":"5min","Figi":"BBG000BKYDP9"}
{"o":31.3,"c":31.28,"h":31.32,"l":31.28,"v":1932.0,"Time":"2020-11-24T15:40:00Z","Interval":"5min","Figi":"BBG000BKYDP9"}
{"o":31.3,"c":31.27,"h":31.32,"l":31.27,"v":2235.0,"Time":"2020-11-24T15:40:00Z","Interval":"5min","Figi":"BBG000BKYDP9"}
{"o":31.3,"c":31.26,"h":31.32,"l":31.26,"v":2541.0,"Time":"2020-11-24T15:40:00Z","Interval":"5min","Figi":"BBG000BKYDP9"}
{"o":31.3,"c":31.26,"h":31.32,"l":31.26,"v":2649.0,"Time":"2020-11-24T15:40:00Z","Interval":"5min","Figi":"BBG000BKYDP9"}
{"o":31.3,"c":31.26,"h":31.32,"l":31.26,"v":2679.0,"Time":"2020-11-24T15:40:00Z","Interval":"5min","Figi":"BBG000BKYDP9"}
{"o":31.3,"c":31.28,"h":31.32,"l":31.26,"v":2894.0,"Time":"2020-11-24T15:40:00Z","Interval":"5min","Figi":"BBG000BKYDP9"}
{"o":31.3,"c":31.29,"h":31.32,"l":31.26,"v":3465.0,"Time":"2020-11-24T15:40:00Z","Interval":"5min","Figi":"BBG000BKYDP9"}
{"o":31.3,"c":31.29,"h":31.32,"l":31.26,"v":3565.0,"Time":"2020-11-24T15:40:00Z","Interval":"5min","Figi":"BBG000BKYDP9"}
{"o":31.3,"c":31.29,"h":31.32,"l":31.26,"v":3765.0,"Time":"2020-11-24T15:40:00Z","Interval":"5min","Figi":"BBG000BKYDP9"}
{"o":31.3,"c":31.29,"h":31.32,"l":31.26,"v":4365.0,"Time":"2020-11-24T15:40:00Z","Interval":"5min","Figi":"BBG000BKYDP9"}
{"o":31.3,"c":31.29,"h":31.32,"l":31.26,"v":4373.0,"Time":"2020-11-24T15:40:00Z","Interval":"5min","Figi":"BBG000BKYDP9"}
{"o":31.3,"c":31.28,"h":31.32,"l":31.26,"v":4554.0,"Time":"2020-11-24T15:40:00Z","Interval":"5min","Figi":"BBG000BKYDP9"}
{"o":31.3,"c":31.27,"h":31.32,"l":31.26,"v":4654.0,"Time":"2020-11-24T15:40:00Z","Interval":"5min","Figi":"BBG000BKYDP9"}
{"o":31.3,"c":31.28,"h":31.32,"l":31.26,"v":4661.0,"Time":"2020-11-24T15:40:00Z","Interval":"5min","Figi":"BBG000BKYDP9"}
{"o":31.3,"c":31.28,"h":31.32,"l":31.26,"v":5070.0,"Time":"2020-11-24T15:40:00Z","Interval":"5min","Figi":"BBG000BKYDP9"}
{"o":31.3,"c":31.27,"h":31.32,"l":31.26,"v":5229.0,"Time":"2020-11-24T15:40:00Z","Interval":"5min","Figi":"BBG000BKYDP9"}
{"o":31.3,"c":31.27,"h":31.32,"l":31.26,"v":5329.0,"Time":"2020-11-24T15:40:00Z","Interval":"5min","Figi":"BBG000BKYDP9"}
{"o":31.3,"c":31.28,"h":31.32,"l":31.26,"v":5429.0,"Time":"2020-11-24T15:40:00Z","Interval":"5min","Figi":"BBG000BKYDP9"}
{"o":31.3,"c":31.31,"h":31.32,"l":31.26,"v":5463.0,"Time":"2020-11-24T15:40:00Z","Interval":"5min","Figi":"BBG000BKYDP9"}
{"o":31.3,"c":31.32,"h":31.32,"l":31.26,"v":5464.0,"Time":"2020-11-24T15:40:00Z","Interval":"5min","Figi":"BBG000BKYDP9"}
{"o":31.3,"c":31.32,"h":31.32,"l":31.26,"v":5564.0,"Time":"2020-11-24T15:40:00Z","Interval":"5min","Figi":"BBG000BKYDP9"}
{"o":31.3,"c":31.32,"h":31.32,"l":31.26,"v":6138.0,"Time":"2020-11-24T15:40:00Z","Interval":"5min","Figi":"BBG000BKYDP9"}
{"o":31.3,"c":31.32,"h":31.32,"l":31.26,"v":6408.0,"Time":"2020-11-24T15:40:00Z","Interval":"5min","Figi":"BBG000BKYDP9"}
{"o":31.3,"c":31.31,"h":31.32,"l":31.26,"v":6516.0,"Time":"2020-11-24T15:40:00Z","Interval":"5min","Figi":"BBG000BKYDP9"}
{"o":31.3,"c":31.3,"h":31.32,"l":31.26,"v":6813.0,"Time":"2020-11-24T15:40:00Z","Interval":"5min","Figi":"BBG000BKYDP9"}
{"o":31.3,"c":31.3,"h":31.32,"l":31.26,"v":7313.0,"Time":"2020-11-24T15:40:00Z","Interval":"5min","Figi":"BBG000BKYDP9"}
{"o":31.3,"c":31.31,"h":31.32,"l":31.26,"v":8023.0,"Time":"2020-11-24T15:40:00Z","Interval":"5min","Figi":"BBG000BKYDP9"}
{"o":31.3,"c":31.31,"h":31.32,"l":31.26,"v":8027.0,"Time":"2020-11-24T15:40:00Z","Interval":"5min","Figi":"BBG000BKYDP9"}
{"o":31.3,"c":31.31,"h":31.32,"l":31.26,"v":8117.0,"Time":"2020-11-24T15:40:00Z","Interval":"5min","Figi":"BBG000BKYDP9"}
{"o":31.3,"c":31.3,"h":31.32,"l":31.26,"v":8118.0,"Time":"2020-11-24T15:40:00Z","Interval":"5min","Figi":"BBG000BKYDP9"}
{"o":31.3,"c":31.3,"h":31.32,"l":31.26,"v":8120.0,"Time":"2020-11-24T15:40:00Z","Interval":"5min","Figi":"BBG000BKYDP9"}
{"o":31.3,"c":31.3,"h":31.32,"l":31.26,"v":8121.0,"Time":"2020-11-24T15:40:00Z","Interval":"5min","Figi":"BBG000BKYDP9"}
{"o":31.3,"c":31.3,"h":31.32,"l":31.26,"v":8220.0,"Time":"2020-11-24T15:40:00Z","Interval":"5min","Figi":"BBG000BKYDP9"}
{"o":31.3,"c":31.3,"h":31.32,"l":31.26,"v":8221.0,"Time":"2020-11-24T15:40:00Z","Interval":"5min","Figi":"BBG000BKYDP9"}
{"o":31.3,"c":31.3,"h":31.32,"l":31.26,"v":8733.0,"Time":"2020-11-24T15:40:00Z","Interval":"5min","Figi":"BBG000BKYDP9"}
{"o":31.3,"c":31.3,"h":31.32,"l":31.26,"v":9033.0,"Time":"2020-11-24T15:40:00Z","Interval":"5min","Figi":"BBG000BKYDP9"}
{"o":31.3,"c":31.3,"h":31.32,"l":31.26,"v":9233.0,"Time":"2020-11-24T15:40:00Z","Interval":"5min","Figi":"BBG000BKYDP9"}
{"o":31.3,"c":31.29,"h":31.32,"l":31.26,"v":9333.0,"Time":"2020-11-24T15:40:00Z","Interval":"5min","Figi":"BBG000BKYDP9"}
{"o":31.3,"c":31.28,"h":31.32,"l":31.26,"v":9354.0,"Time":"2020-11-24T15:40:00Z","Interval":"5min","Figi":"BBG000BKYDP9"}
{"o":31.3,"c":31.28,"h":31.32,"l":31.26,"v":9392.0,"Time":"2020-11-24T15:40:00Z","Interval":"5min","Figi":"BBG000BKYDP9"}
{"o":31.3,"c":31.27,"h":31.32,"l":31.26,"v":9393.0,"Time":"2020-11-24T15:40:00Z","Interval":"5min","Figi":"BBG000BKYDP9"}
{"o":31.3,"c":31.24,"h":31.32,"l":31.24,"v":9408.0,"Time":"2020-11-24T15:40:00Z","Interval":"5min","Figi":"BBG000BKYDP9"}
{"o":31.3,"c":31.25,"h":31.32,"l":31.24,"v":9409.0,"Time":"2020-11-24T15:40:00Z","Interval":"5min","Figi":"BBG000BKYDP9"}
{"o":31.25,"c":31.25,"h":31.25,"l":31.25,"v":200.0,"Time":"2020-11-24T15:45:00Z","Interval":"5min","Figi":"BBG000BKYDP9"}
{"o":31.25,"c":31.25,"h":31.25,"l":31.25,"v":310.0,"Time":"2020-11-24T15:45:00Z","Interval":"5min","Figi":"BBG000BKYDP9"}
{"o":31.25,"c":31.25,"h":31.25,"l":31.25,"v":810.0,"Time":"2020-11-24T15:45:00Z","Interval":"5min","Figi":"BBG000BKYDP9"}
{"o":31.25,"c":31.26,"h":31.26,"l":31.25,"v":1118.0,"Time":"2020-11-24T15:45:00Z","Interval":"5min","Figi":"BBG000BKYDP9"}
{"o":31.25,"c":31.26,"h":31.26,"l":31.25,"v":1320.0,"Time":"2020-11-24T15:45:00Z","Interval":"5min","Figi":"BBG000BKYDP9"}
{"o":31.25,"c":31.26,"h":31.26,"l":31.25,"v":1324.0,"Time":"2020-11-24T15:45:00Z","Interval":"5min","Figi":"BBG000BKYDP9"}
{"o":31.25,"c":31.23,"h":31.26,"l":31.23,"v":1325.0,"Time":"2020-11-24T15:45:00Z","Interval":"5min","Figi":"BBG000BKYDP9"}
{"o":31.25,"c":31.23,"h":31.26,"l":31.23,"v":1328.0,"Time":"2020-11-24T15:45:00Z","Interval":"5min","Figi":"BBG000BKYDP9"}
{"o":31.25,"c":31.22,"h":31.26,"l":31.22,"v":1331.0,"Time":"2020-11-24T15:45:00Z","Interval":"5min","Figi":"BBG000BKYDP9"}
{"o":31.25,"c":31.22,"h":31.26,"l":31.22,"v":1431.0,"Time":"2020-11-24T15:45:00Z","Interval":"5min","Figi":"BBG000BKYDP9"}
{"o":31.25,"c":31.22,"h":31.26,"l":31.22,"v":1438.0,"Time":"2020-11-24T15:45:00Z","Interval":"5min","Figi":"BBG000BKYDP9"}
{"o":31.25,"c":31.22,"h":31.26,"l":31.22,"v":1538.0,"Time":"2020-11-24T15:45:00Z","Interval":"5min","Figi":"BBG000BKYDP9"}
{"o":31.25,"c":31.22,"h":31.26,"l":31.22,"v":1631.0,"Time":"2020-11-24T15:45:00Z","Interval":"5min","Figi":"BBG000BKYDP9"}
{"o":31.25,"c":31.22,"h":31.26,"l":31.22,"v":1731.0,"Time":"2020-11-24T15:45:00Z","Interval":"5min","Figi":"BBG000BKYDP9"}
{"o":31.25,"c":31.22,"h":31.26,"l":31.22,"v":1931.0,"Time":"2020-11-24T15:45:00Z","Interval":"5min","Figi":"BBG000BKYDP9"}
{"o":31.25,"c":31.21,"h":31.26,"l":31.21,"v":1933.0,"Time":"2020-11-24T15:45:00Z","Interval":"5min","Figi":"BBG000BKYDP9"}
{"o":31.25,"c":31.21,"h":31.26,"l":31.21,"v":2052.0,"Time":"2020-11-24T15:45:00Z","Interval":"5min","Figi":"BBG000BKYDP9"}
{"o":31.25,"c":31.23,"h":31.26,"l":31.21,"v":2352.0,"Time":"2020-11-24T15:45:00Z","Interval":"5min","Figi":"BBG000BKYDP9"}
{"o":31.25,"c":31.23,"h":31.26,"l":31.21,"v":2458.0,"Time":"2020-11-24T15:45:00Z","Interval":"5min","Figi":"BBG000BKYDP9"}
{"o":31.25,"c":31.23,"h":31.26,"l":31.21,"v":2462.0,"Time":"2020-11-24T15:45:00Z","Interval":"5min","Figi":"BBG000BKYDP9"}
{"o":31.25,"c":31.24,"h":31.26,"l":31.21,"v":2562.0,"Time":"2020-11-24T15:45:00Z","Interval":"5min","Figi":"BBG000BKYDP9"}
{"o":31.25,"c":31.24,"h":31.26,"l":31.21,"v":2567.0,"Time":"2020-11-24T15:45:00Z","Interval":"5min","Figi":"BBG000BKYDP9"}
{"o":31.25,"c":31.25,"h":31.26,"l":31.21,"v":2767.0,"Time":"2020-11-24T15:45:00Z","Interval":"5min","Figi":"BBG000BKYDP9"}
{"o":31.25,"c":31.25,"h":31.26,"l":31.21,"v":2770.0,"Time":"2020-11-24T15:45:00Z","Interval":"5min","Figi":"BBG000BKYDP9"}
{"o":31.25,"c":31.25,"h":31.26,"l":31.21,"v":2777.0,"Time":"2020-11-24T15:45:00Z","Interval":"5min","Figi":"BBG000BKYDP9"}
{"o":31.25,"c":31.25,"h":31.26,"l":31.21,"v":2778.0,"Time":"2020-11-24T15:45:00Z","Interval":"5min","Figi":"BBG000BKYDP9"}
{"o":31.25,"c":31.25,"h":31.26,"l":31.21,"v":2783.0,"Time":"2020-11-24T15:45:00Z","Interval":"5min","Figi":"BBG000BKYDP9"}
{"o":31.25,"c":31.25,"h":31.26,"l":31.21,"v":2878.0,"Time":"2020-11-24T15:45:00Z","Interval":"5min","Figi":"BBG000BKYDP9"}
{"o":31.25,"c":31.26,"h":31.26,"l":31.21,"v":2879.0,"Time":"2020-11-24T15:45:00Z","Interval":"5min","Figi":"BBG000BKYDP9"}
{"o":31.25,"c":31.27,"h":31.27,"l":31.21,"v":2880.0,"Time":"2020-11-24T15:45:00Z","Interval":"5min","Figi":"BBG000BKYDP9"}
{"o":31.25,"c":31.27,"h":31.27,"l":31.21,"v":3002.0,"Time":"2020-11-24T15:45:00Z","Interval":"5min","Figi":"BBG000BKYDP9"}
{"o":31.25,"c":31.28,"h":31.28,"l":31.21,"v":3004.0,"Time":"2020-11-24T15:45:00Z","Interval":"5min","Figi":"BBG000BKYDP9"}
{"o":31.25,"c":31.29,"h":31.29,"l":31.21,"v":3005.0,"Time":"2020-11-24T15:45:00Z","Interval":"5min","Figi":"BBG000BKYDP9"}
{"o":31.25,"c":31.29,"h":31.29,"l":31.21,"v":3205.0,"Time":"2020-11-24T15:45:00Z","Interval":"5min","Figi":"BBG000BKYDP9"}
{"o":31.25,"c":31.29,"h":31.29,"l":31.21,"v":3305.0,"Time":"2020-11-24T15:45:00Z","Interval":"5min","Figi":"BBG000BKYDP9"}
{"o":31.25,"c":31.3,"h":31.3,"l":31.21,"v":3605.0,"Time":"2020-11-24T15:45:00Z","Interval":"5min","Figi":"BBG000BKYDP9"}
{"o":31.25,"c":31.29,"h":31.3,"l":31.21,"v":3909.0,"Time":"2020-11-24T15:45:00Z","Interval":"5min","Figi":"BBG000BKYDP9"}
{"o":31.25,"c":31.29,"h":31.3,"l":31.21,"v":4093.0,"Time":"2020-11-24T15:45:00Z","Interval":"5min","Figi":"BBG000BKYDP9"}
{"o":31.25,"c":31.29,"h":31.3,"l":31.21,"v":4194.0,"Time":"2020-11-24T15:45:00Z","Interval":"5min","Figi":"BBG000BKYDP9"}
{"o":31.25,"c":31.3,"h":31.3,"l":31.21,"v":4233.0,"Time":"2020-11-24T15:45:00Z","Interval":"5min","Figi":"BBG000BKYDP9"}
{"o":31.25,"c":31.31,"h":31.31,"l":31.21,"v":4234.0,"Time":"2020-11-24T15:45:00Z","Interval":"5min","Figi":"BBG000BKYDP9"}
{"o":31.25,"c":31.31,"h":31.31,"l":31.21,"v":4236.0,"Time":"2020-11-24T15:45:00Z","Interval":"5min","Figi":"BBG000BKYDP9"}
{"o":31.25,"c":31.32,"h":31.32,"l":31.21,"v":4295.0,"Time":"2020-11-24T15:45:00Z","Interval":"5min","Figi":"BBG000BKYDP9"}
{"o":31.25,"c":31.32,"h":31.32,"l":31.21,"v":4936.0,"Time":"2020-11-24T15:45:00Z","Interval":"5min","Figi":"BBG000BKYDP9"}
{"o":31.25,"c":31.34,"h":31.34,"l":31.21,"v":4937.0,"Time":"2020-11-24T15:45:00Z","Interval":"5min","Figi":"BBG000BKYDP9"}
{"o":31.34,"c":31.34,"h":31.34,"l":31.34,"v":100.0,"Time":"2020-11-24T15:50:00Z","Interval":"5min","Figi":"BBG000BKYDP9"}
{"o":31.34,"c":31.34,"h":31.34,"l":31.34,"v":276.0,"Time":"2020-11-24T15:50:00Z","Interval":"5min","Figi":"BBG000BKYDP9"}
{"o":31.34,"c":31.33,"h":31.34,"l":31.33,"v":800.0,"Time":"2020-11-24T15:50:00Z","Interval":"5min","Figi":"BBG000BKYDP9"}
{"o":31.34,"c":31.32,"h":31.34,"l":31.32,"v":900.0,"Time":"2020-11-24T15:50:00Z","Interval":"5min","Figi":"BBG000BKYDP9"}
{"o":31.34,"c":31.31,"h":31.34,"l":31.31,"v":1124.0,"Time":"2020-11-24T15:50:00Z","Interval":"5min","Figi":"BBG000BKYDP9"}
{"o":31.34,"c":31.3,"h":31.34,"l":31.3,"v":1150.0,"Time":"2020-11-24T15:50:00Z","Interval":"5min","Figi":"BBG000BKYDP9"}
{"o":31.34,"c":31.29,"h":31.34,"l":31.29,"v":1250.0,"Time":"2020-11-24T15:50:00Z","Interval":"5min","Figi":"BBG000BKYDP9"}
{"o":31.34,"c":31.29,"h":31.34,"l":31.29,"v":1653.0,"Time":"2020-11-24T15:50:00Z","Interval":"5min","Figi":"BBG000BKYDP9"}
{"o":31.34,"c":31.3,"h":31.34,"l":31.29,"v":1753.0,"Time":"2020-11-24T15:50:00Z","Interval":"5min","Figi":"BBG000BKYDP9"}
{"o":31.34,"c":31.31,"h":31.34,"l":31.29,"v":1853.0,"Time":"2020-11-24T15:50:00Z","Interval":"5min","Figi":"BBG000BKYDP9"}
{"o":31.34,"c":31.31,"h":31.34,"l":31.29,"v":2056.0,"Time":"2020-11-24T15:50:00Z","Interval":"5min","Figi":"BBG000BKYDP9"}
{"o":31.34,"c":31.31,"h":31.34,"l":31.29,"v":2057.0,"Time":"2020-11-24T15:50:00Z","Interval":"5min","Figi":"BBG000BKYDP9"}
{"o":31.34,"c":31.31,"h":31.34,"l":31.29,"v":2265.0,"Time":"2020-11-24T15:50:00Z","Interval":"5min","Figi":"BBG000BKYDP9"}
{"o":31.34,"c":31.3,"h":31.34,"l":31.29,"v":2266.0,"Time":"2020-11-24T15:50:00Z","Interval":"5min","Figi":"BBG000BKYDP9"}
{"o":31.34,"c":31.29,"h":31.34,"l":31.29,"v":2366.0,"Time":"2020-11-24T15:50:00Z","Interval":"5min","Figi":"BBG000BKYDP9"}
{"o":31.34,"c":31.28,"h":31.34,"l":31.28,"v":2506.0,"Time":"2020-11-24T15:50:00Z","Interval":"5min","Figi":"BBG000BKYDP9"}
{"o":31.34,"c":31.28,"h":31.34,"l":31.28,"v":2606.0,"Time":"2020-11-24T15:50:00Z","Interval":"5min","Figi":"BBG000BKYDP9"}
{"o":31.34,"c":31.28,"h":31.34,"l":31.28,"v":2706.0,"Time":"2020-11-24T15:50:00Z","Interval":"5min","Figi":"BBG000BKYDP9"}
{"o":31.34,"c":31.29,"h":31.34,"l":31.28,"v":2707.0,"Time":"2020-11-24T15:50:00Z","Interval":"5min","Figi":"BBG000BKYDP9"}
{"o":31.34,"c":31.3,"h":31.34,"l":31.28,"v":2710.0,"Time":"2020-11-24T15:50:00Z","Interval":"5min","Figi":"BBG000BKYDP9"}
{"o":31.34,"c":31.31,"h":31.34,"l":31.28,"v":2813.0,"Time":"2020-11-24T15:50:00Z","Interval":"5min","Figi":"BBG000BKYDP9"}
{"o":31.34,"c":31.32,"h":31.34,"l":31.28,"v":2816.0,"Time":"2020-11-24T15:50:00Z","Interval":"5min","Figi":"BBG000BKYDP9"}
{"o":31.34,"c":31.33,"h":31.34,"l":31.28,"v":2855.0,"Time":"2020-11-24T15:50:00Z","Interval":"5min","Figi":"BBG000BKYDP9"}
{"o":31.34,"c":31.33,"h":31.34,"l":31.28,"v":3082.0,"Time":"2020-11-24T15:50:00Z","Interval":"5min","Figi":"BBG000BKYDP9"}
{"o":31.34,"c":31.33,"h":31.34,"l":31.28,"v":3182.0,"Time":"2020-11-24T15:50:00Z","Interval":"5min","Figi":"BBG000BKYDP9"}
{"o":31.34,"c":31.33,"h":31.34,"l":31.28,"v":4295.0,"Time":"2020-11-24T15:50:00Z","Interval":"5min","Figi":"BBG000BKYDP9"}
{"o":31.34,"c":31.34,"h":31.34,"l":31.28,"v":4399.0,"Time":"2020-11-24T15:50:00Z","Interval":"5min","Figi":"BBG000BKYDP9"}
{"o":31.34,"c":31.35,"h":31.35,"l":31.28,"v":4499.0,"Time":"2020-11-24T15:50:00Z","Interval":"5min","Figi":"BBG000BKYDP9"}
{"o":31.34,"c":31.34,"h":31.35,"l":31.28,"v":4599.0,"Time":"2020-11-24T15:50:00Z","Interval":"5min","Figi":"BBG000BKYDP9"}
{"o":31.34,"c":31.34,"h":31.35,"l":31.28,"v":4880.0,"Time":"2020-11-24T15:50:00Z","Interval":"5min","Figi":"BBG000BKYDP9"}
{"o":31.34,"c":31.34,"h":31.35,"l":31.28,"v":4980.0,"Time":"2020-11-24T15:50:00Z","Interval":"5min","Figi":"BBG000BKYDP9"}
{"o":31.34,"c":31.35,"h":31.35,"l":31.28,"v":5080.0,"Time":"2020-11-24T15:50:00Z","Interval":"5min","Figi":"BBG000BKYDP9"}
{"o":31.34,"c":31.35,"h":31.35,"l":31.28,"v":5082.0,"Time":"2020-11-24T15:50:00Z","Interval":"5min","Figi":"BBG000BKYDP9"}
{"o":31.34,"c":31.36,"h":31.36,"l":31.28,"v":5182.0,"Time":"2020-11-24T15:50:00Z","Interval":"5min","Figi":"BBG000BKYDP9"}
{"o":31.34,"c":31.36,"h":31.36,"l":31.28,"v":5210.0,"Time":"2020-11-24T15:50:00Z","Interval":"5min","Figi":"BBG000BKYDP9"}
{"o":31.34,"c":31.36,"h":31.36,"l":31.28,"v":5395.0,"Time":"2020-11-24T15:50:00Z","Interval":"5min","Figi":"BBG000BKYDP9"}
{"o":31.34,"c":31.36,"h":31.36,"l":31.28,"v":5398.0,"Time":"2020-11-24T15:50:00Z","Interval":"5min","Figi":"BBG000BKYDP9"}
{"o":31.34,"c":31.37,"h":31.37,"l":31.28,"v":5498.0,"Time":"2020-11-24T15:50:00Z","Interval":"5min","Figi":"BBG000BKYDP9"}
{"o":31.34,"c":31.37,"h":31.37,"l":31.28,"v":5698.0,"Time":"2020-11-24T15:50:00Z","Interval":"5min","Figi":"BBG000BKYDP9"}
{"o":31.34,"c":31.38,"h":31.38,"l":31.28,"v":5890.0,"Time":"2020-11-24T15:50:00Z","Interval":"5min","Figi":"BBG000BKYDP9"}
{"o":31.34,"c":31.38,"h":31.38,"l":31.28,"v":5971.0,"Time":"2020-11-24T15:50:00Z","Interval":"5min","Figi":"BBG000BKYDP9"}
{"o":31.34,"c":31.38,"h":31.38,"l":31.28,"v":6071.0,"Time":"2020-11-24T15:50:00Z","Interval":"5min","Figi":"BBG000BKYDP9"}
{"o":31.34,"c":31.4,"h":31.4,"l":31.28,"v":6359.0,"Time":"2020-11-24T15:50:00Z","Interval":"5min","Figi":"BBG000BKYDP9"}
{"o":31.34,"c":31.4,"h":31.4,"l":31.28,"v":6361.0,"Time":"2020-11-24T15:50:00Z","Interval":"5min","Figi":"BBG000BKYDP9"}
{"o":31.34,"c":31.4,"h":31.4,"l":31.28,"v":6444.0,"Time":"2020-11-24T15:50:00Z","Interval":"5min","Figi":"BBG000BKYDP9"}
{"o":31.34,"c":31.4,"h":31.4,"l":31.28,"v":6467.0,"Time":"2020-11-24T15:50:00Z","Interval":"5min","Figi":"BBG000BKYDP9"}
{"o":31.34,"c":31.41,"h":31.41,"l":31.28,"v":6567.0,"Time":"2020-11-24T15:50:00Z","Interval":"5min","Figi":"BBG000BKYDP9"}
{"o":31.34,"c":31.41,"h":31.41,"l":31.28,"v":6667.0,"Time":"2020-11-24T15:50:00Z","Interval":"5min","Figi":"BBG000BKYDP9"}
{"o":31.34,"c":31.41,"h":31.41,"l":31.28,"v":6767.0,"Time":"2020-11-24T15:50:00Z","Interval":"5min","Figi":"BBG000BKYDP9"}
{"o":31.34,"c":31.41,"h":31.41,"l":31.28,"v":6867.0,"Time":"2020-11-24T15:50:00Z","Interval":"5min","Figi":"BBG000BKYDP9"}
{"o":31.4,"c":31.4,"h":31.4,"l":31.4,"v":322.0,"Time":"2020-11-24T15:55:00Z","Interval":"5min","Figi":"BBG000BKYDP9"}
{"o":31.4,"c":31.39,"h":31.4,"l":31.39,"v":522.0,"Time":"2020-11-24T15:55:00Z","Interval":"5min","Figi":"BBG000BKYDP9"}
{"o":31.4,"c":31.38,"h":31.4,"l":31.38,"v":722.0,"Time":"2020-11-24T15:55:00Z","Interval":"5min","Figi":"BBG000BKYDP9"}
{"o":31.4,"c":31.38,"h":31.4,"l":31.38,"v":1161.0,"Time":"2020-11-24T15:55:00Z","Interval":"5min","Figi":"BBG000BKYDP9"}
{"o":31.4,"c":31.4,"h":31.4,"l":31.38,"v":1461.0,"Time":"2020-11-24T15:55:00Z","Interval":"5min","Figi":"BBG000BKYDP9"}
{"o":31.4,"c":31.39,"h":31.4,"l":31.38,"v":1661.0,"Time":"2020-11-24T15:55:00Z","Interval":"5min","Figi":"BBG000BKYDP9"}
{"o":31.4,"c":31.38,"h":31.4,"l":31.38,"v":1861.0,"Time":"2020-11-24T15:55:00Z","Interval":"5min","Figi":"BBG000BKYDP9"}
{"o":31.4,"c":31.38,"h":31.4,"l":31.38,"v":1961.0,"Time":"2020-11-24T15:55:00Z","Interval":"5min","Figi":"BBG000BKYDP9"}
{"o":31.4,"c":31.38,"h":31.4,"l":31.38,"v":2047.0,"Time":"2020-11-24T15:55:00Z","Interval":"5min","Figi":"BBG000BKYDP9"}
{"o":31.4,"c":31.38,"h":31.4,"l":31.38,"v":2228.0,"Time":"2020-11-24T15:55:00Z","Interval":"5min","Figi":"BBG000BKYDP9"}
{"o":31.4,"c":31.38,"h":31.4,"l":31.38,"v":2359.0,"Time":"2020-11-24T15:55:00Z","Interval":"5min","Figi":"BBG000BKYDP9"}
{"o":31.4,"c":31.38,"h":31.4,"l":31.38,"v":2459.0,"Time":"2020-11-24T15:55:00Z","Interval":"5min","Figi":"BBG000BKYDP9"}
{"o":31.4,"c":31.38,"h":31.4,"l":31.38,"v":2461.0,"Time":"2020-11-24T15:55:00Z","Interval":"5min","Figi":"BBG000BKYDP9"}
{"o":31.4,"c":31.39,"h":31.4,"l":31.38,"v":2946.0,"Time":"2020-11-24T15:55:00Z","Interval":"5min","Figi":"BBG000BKYDP9"}
{"o":31.4,"c":31.4,"h":31.4,"l":31.38,"v":3247.0,"Time":"2020-11-24T15:55:00Z","Interval":"5min","Figi":"BBG000BKYDP9"}
{"o":31.4,"c":31.4,"h":31.4,"l":31.38,"v":3347.0,"Time":"2020-11-24T15:55:00Z","Interval":"5min","Figi":"BBG000BKYDP9"}
{"o":31.4,"c":31.4,"h":31.4,"l":31.38,"v":3351.0,"Time":"2020-11-24T15:55:00Z","Interval":"5min","Figi":"BBG000BKYDP9"}
{"o":31.4,"c":31.4,"h":31.4,"l":31.38,"v":3452.0,"Time":"2020-11-24T15:55:00Z","Interval":"5min","Figi":"BBG000BKYDP9"}
{"o":31.4,"c":31.41,"h":31.41,"l":31.38,"v":3552.0,"Time":"2020-11-24T15:55:00Z","Interval":"5min","Figi":"BBG000BKYDP9"}
{"o":31.4,"c":31.41,"h":31.41,"l":31.38,"v":3553.0,"Time":"2020-11-24T15:55:00Z","Interval":"5min","Figi":"BBG000BKYDP9"}
{"o":31.4,"c":31.42,"h":31.42,"l":31.38,"v":3561.0,"Time":"2020-11-24T15:55:00Z","Interval":"5min","Figi":"BBG000BKYDP9"}
{"o":31.4,"c":31.42,"h":31.42,"l":31.38,"v":3742.0,"Time":"2020-11-24T15:55:00Z","Interval":"5min","Figi":"BBG000BKYDP9"}
{"o":31.4,"c":31.43,"h":31.43,"l":31.38,"v":3842.0,"Time":"2020-11-24T15:55:00Z","Interval":"5min","Figi":"BBG000BKYDP9"}
{"o":31.4,"c":31.43,"h":31.43,"l":31.38,"v":4042.0,"Time":"2020-11-24T15:55:00Z","Interval":"5min","Figi":"BBG000BKYDP9"}
{"o":31.4,"c":31.44,"h":31.44,"l":31.38,"v":4050.0,"Time":"2020-11-24T15:55:00Z","Interval":"5min","Figi":"BBG000BKYDP9"}
{"o":31.4,"c":31.44,"h":31.44,"l":31.38,"v":4251.0,"Time":"2020-11-24T15:55:00Z","Interval":"5min","Figi":"BBG000BKYDP9"}
{"o":31.4,"c":31.44,"h":31.44,"l":31.38,"v":4333.0,"Time":"2020-11-24T15:55:00Z","Interval":"5min","Figi":"BBG000BKYDP9"}
{"o":31.4,"c":31.44,"h":31.44,"l":31.38,"v":4363.0,"Time":"2020-11-24T15:55:00Z","Interval":"5min","Figi":"BBG000BKYDP9"}
{"o":31.4,"c":31.44,"h":31.44,"l":31.38,"v":4367.0,"Time":"2020-11-24T15:55:00Z","Interval":"5min","Figi":"BBG000BKYDP9"}
{"o":31.4,"c":31.44,"h":31.44,"l":31.38,"v":4467.0,"Time":"2020-11-24T15:55:00Z","Interval":"5min","Figi":"BBG000BKYDP9"}
{"o":31.4,"c":31.44,"h":31.44,"l":31.38,"v":4556.0,"Time":"2020-11-24T15:55:00Z","Interval":"5min","Figi":"BBG000BKYDP9"}
{"o":31.4,"c":31.44,"h":31.44,"l":31.38,"v":4562.0,"Time":"2020-11-24T15:55:00Z","Interval":"5min","Figi":"BBG000BKYDP9"}
{"o":31.4,"c":31.44,"h":31.44,"l":31.38,"v":4662.0,"Time":"2020-11-24T15:55:00Z","Interval":"5min","Figi":"BBG000BKYDP9"}
{"o":31.4,"c":31.44,"h":31.44,"l":31.38,"v":5062.0,"Time":"2020-11-24T15:55:00Z","Interval":"5min","Figi":"BBG000BKYDP9"}
{"o":31.4,"c":31.44,"h":31.44,"l":31.38,"v":5362.0,"Time":"2020-11-24T15:55:00Z","Interval":"5min","Figi":"BBG000BKYDP9"}
{"o":31.4,"c":31.43,"h":31.44,"l":31.38,"v":5762.0,"Time":"2020-11-24T15:55:00Z","Interval":"5min","Figi":"BBG000BKYDP9"}
{"o":31.4,"c":31.43,"h":31.44,"l":31.38,"v":5862.0,"Time":"2020-11-24T15:55:00Z","Interval":"5min","Figi":"BBG000BKYDP9"}
{"o":31.4,"c":31.42,"h":31.44,"l":31.38,"v":6262.0,"Time":"2020-11-24T15:55:00Z","Interval":"5min","Figi":"BBG000BKYDP9"}
{"o":31.4,"c":31.42,"h":31.44,"l":31.38,"v":6564.0,"Time":"2020-11-24T15:55:00Z","Interval":"5min","Figi":"BBG000BKYDP9"}
{"o":31.4,"c":31.41,"h":31.44,"l":31.38,"v":6904.0,"Time":"2020-11-24T15:55:00Z","Interval":"5min","Figi":"BBG000BKYDP9"}
{"o":31.4,"c":31.41,"h":31.44,"l":31.38,"v":6905.0,"Time":"2020-11-24T15:55:00Z","Interval":"5min","Figi":"BBG000BKYDP9"}
{"o":31.4,"c":31.42,"h":31.44,"l":31.38,"v":7006.0,"Time":"2020-11-24T15:55:00Z","Interval":"5min","Figi":"BBG000BKYDP9"}
{"o":31.4,"c":31.42,"h":31.44,"l":31.38,"v":7306.0,"Time":"2020-11-24T15:55:00Z","Interval":"5min","Figi":"BBG000BKYDP9"}
{"o":31.4,"c":31.41,"h":31.44,"l":31.38,"v":7406.0,"Time":"2020-11-24T15:55:00Z","Interval":"5min","Figi":"BBG000BKYDP9"}
{"o":31.4,"c":31.41,"h":31.44,"l":31.38,"v":7574.0,"Time":"2020-11-24T15:55:00Z","Interval":"5min","Figi":"BBG000BKYDP9"}
{"o":31.4,"c":31.41,"h":31.44,"l":31.38,"v":7689.0,"Time":"2020-11-24T15:55:00Z","Interval":"5min","Figi":"BBG000BKYDP9"}
{"o":31.4,"c":31.41,"h":31.44,"l":31.38,"v":7906.0,"Time":"2020-11-24T15:55:00Z","Interval":"5min","Figi":"BBG000BKYDP9"}
{"o":31.4,"c":31.4,"h":31.44,"l":31.38,"v":8006.0,"Time":"2020-11-24T15:55:00Z","Interval":"5min","Figi":"BBG000BKYDP9"}
{"o":31.4,"c":31.4,"h":31.44,"l":31.38,"v":8368.0,"Time":"2020-11-24T15:55:00Z","Interval":"5min","Figi":"BBG000BKYDP9"}
{"o":31.4,"c":31.4,"h":31.44,"l":31.38,"v":8568.0,"Time":"2020-11-24T15:55:00Z","Interval":"5min","Figi":"BBG000BKYDP9"}
{"o":31.4,"c":31.4,"h":31.44,"l":31.38,"v":9069.0,"Time":"2020-11-24T15:55:00Z","Interval":"5min","Figi":"BBG000BKYDP9"}
{"o":31.4,"c":31.4,"h":31.44,"l":31.38,"v":9075.0,"Time":"2020-11-24T15:55:00Z","Interval":"5min","Figi":"BBG000BKYDP9"}
{"o":31.4,"c":31.41,"h":31.44,"l":31.38,"v":9141.0,"Time":"2020-11-24T15:55:00Z","Interval":"5min","Figi":"BBG000BKYDP9"}
{"o":31.4,"c":31.41,"h":31.44,"l":31.38,"v":9180.0,"Time":"2020-11-24T15:55:00Z","Interval":"5min","Figi":"BBG000BKYDP9"}
{"o":31.4,"c":31.43,"h":31.44,"l":31.38,"v":9480.0,"Time":"2020-11-24T15:55:00Z","Interval":"5min","Figi":"BBG000BKYDP9"}
{"o":31.4,"c":31.42,"h":31.44,"l":31.38,"v":9980.0,"Time":"2020-11-24T15:55:00Z","Interval":"5min","Figi":"BBG000BKYDP9"}
{"o":31.4,"c":31.41,"h":31.44,"l":31.38,"v":9993.0,"Time":"2020-11-24T15:55:00Z","Interval":"5min","Figi":"BBG000BKYDP9"}
{"o":31.4,"c":31.41,"h":31.44,"l":31.38,"v":10080.0,"Time":"2020-11-24T15:55:00Z","Interval":"5min","Figi":"BBG000BKYDP9"}
{"o":31.4,"c":31.41,"h":31.44,"l":31.38,"v":10394.0,"Time":"2020-11-24T15:55:00Z","Interval":"5min","Figi":"BBG000BKYDP9"}
{"o":31.4,"c":31.42,"h":31.44,"l":31.38,"v":10395.0,"Time":"2020-11-24T15:55:00Z","Interval":"5min","Figi":"BBG000BKYDP9"}
{"o":31.4,"c":31.43,"h":31.44,"l":31.38,"v":10589.0,"Time":"2020-11-24T15:55:00Z","Interval":"5min","Figi":"BBG000BKYDP9"}
{"o":31.45,"c":31.45,"h":31.45,"l":31.45,"v":350.0,"Time":"2020-11-24T16:00:00Z","Interval":"5min","Figi":"BBG000BKYDP9"}
{"o":31.45,"c":31.45,"h":31.45,"l":31.45,"v":362.0,"Time":"2020-11-24T16:00:00Z","Interval":"5min","Figi":"BBG000BKYDP9"}
{"o":31.45,"c":31.45,"h":31.45,"l":31.45,"v":751.0,"Time":"2020-11-24T16:00:00Z","Interval":"5min","Figi":"BBG000BKYDP9"}
{"o":31.45,"c":31.45,"h":31.45,"l":31.45,"v":851.0,"Time":"2020-11-24T16:00:00Z","Interval":"5min","Figi":"BBG000BKYDP9"}
{"o":31.45,"c":31.45,"h":31.45,"l":31.45,"v":951.0,"Time":"2020-11-24T16:00:00Z","Interval":"5min","Figi":"BBG000BKYDP9"}
{"o":31.45,"c":31.45,"h":31.45,"l":31.45,"v":1051.0,"Time":"2020-11-24T16:00:00Z","Interval":"5min","Figi":"BBG000BKYDP9"}
{"o":31.45,"c":31.46,"h":31.46,"l":31.45,"v":1251.0,"Time":"2020-11-24T16:00:00Z","Interval":"5min","Figi":"BBG000BKYDP9"}
{"o":31.45,"c":31.46,"h":31.46,"l":31.45,"v":1622.0,"Time":"2020-11-24T16:00:00Z","Interval":"5min","Figi":"BBG000BKYDP9"}
{"o":31.45,"c":31.46,"h":31.46,"l":31.45,"v":1722.0,"Time":"2020-11-24T16:00:00Z","Interval":"5min","Figi":"BBG000BKYDP9"}
{"o":31.45,"c":31.46,"h":31.46,"l":31.45,"v":1823.0,"Time":"2020-11-24T16:00:00Z","Interval":"5min","Figi":"BBG000BKYDP9"}
{"o":31.45,"c":31.46,"h":31.46,"l":31.45,"v":2223.0,"Time":"2020-11-24T16:00:00Z","Interval":"5min","Figi":"BBG000BKYDP9"}
{"o":31.45,"c":31.47,"h":31.47,"l":31.45,"v":2224.0,"Time":"2020-11-24T16:00:00Z","Interval":"5min","Figi":"BBG000BKYDP9"}
{"o":31.45,"c":31.47,"h":31.47,"l":31.45,"v":2324.0,"Time":"2020-11-24T16:00:00Z","Interval":"5min","Figi":"BBG000BKYDP9"}
{"o":31.45,"c":31.47,"h":31.47,"l":31.45,"v":2428.0,"Time":"2020-11-24T16:00:00Z","Interval":"5min","Figi":"BBG000BKYDP9"}
{"o":31.45,"c":31.47,"h":31.47,"l":31.45,"v":2928.0,"Time":"2020-11-24T16:00:00Z","Interval":"5min","Figi":"BBG000BKYDP9"}
{"o":31.45,"c":31.47,"h":31.47,"l":31.45,"v":2929.0,"Time":"2020-11-24T16:00:00Z","Interval":"5min","Figi":"BBG000BKYDP9"}
{"o":31.45,"c":31.47,"h":31.47,"l":31.45,"v":3028.0,"Time":"2020-11-24T16:00:00Z","Interval":"5min","Figi":"BBG000BKYDP9"}
{"o":31.45,"c":31.46,"h":31.47,"l":31.45,"v":3428.0,"Time":"2020-11-24T16:00:00Z","Interval":"5min","Figi":"BBG000BKYDP9"}
{"o":31.45,"c":31.46,"h":31.47,"l":31.45,"v":3590.0,"Time":"2020-11-24T16:00:00Z","Interval":"5min","Figi":"BBG000BKYDP9"}
{"o":31.45,"c":31.45,"h":31.47,"l":31.45,"v":3690.0,"Time":"2020-11-24T16:00:00Z","Interval":"5min","Figi":"BBG000BKYDP9"}
{"o":31.45,"c":31.45,"h":31.47,"l":31.45,"v":4094.0,"Time":"2020-11-24T16:00:00Z","Interval":"5min","Figi":"BBG000BKYDP9"}
{"o":31.45,"c":31.44,"h":31.47,"l":31.44,"v":4097.0,"Time":"2020-11-24T16:00:00Z","Interval":"5min","Figi":"BBG000BKYDP9"}
{"o":31.45,"c":31.44,"h":31.47,"l":31.44,"v":4344.0,"Time":"2020-11-24T16:00:00Z","Interval":"5min","Figi":"BBG000BKYDP9"}
{"o":31.45,"c":31.44,"h":31.47,"l":31.44,"v":4444.0,"Time":"2020-11-24T16:00:00Z","Interval":"5min","Figi":"BBG000BKYDP9"}
{"o":31.45,"c":31.44,"h":31.47,"l":31.44,"v":4844.0,"Time":"2020-11-24T16:00:00Z","Interval":"5min","Figi":"BBG000BKYDP9"}
{"o":31.45,"c":31.44,"h":31.47,"l":31.44,"v":4944.0,"Time":"2020-11-24T16:00:00Z","Interval":"5min","Figi":"BBG000BKYDP9"}
{"o":31.45,"c":31.44,"h":31.47,"l":31.44,"v":5371.0,"Time":"2020-11-24T16:00:00Z","Interval":"5min","Figi":"BBG000BKYDP9"}
{"o":31.45,"c":31.44,"h":31.47,"l":31.44,"v":5448.0,"Time":"2020-11-24T16:00:00Z","Interval":"5min","Figi":"BBG000BKYDP9"}
{"o":31.45,"c":31.45,"h":31.47,"l":31.44,"v":5546.0,"Time":"2020-11-24T16:00:00Z","Interval":"5min","Figi":"BBG000BKYDP9"}
{"o":31.45,"c":31.45,"h":31.47,"l":31.44,"v":5748.0,"Time":"2020-11-24T16:00:00Z","Interval":"5min","Figi":"BBG000BKYDP9"}
{"o":31.45,"c":31.46,"h":31.47,"l":31.44,"v":5948.0,"Time":"2020-11-24T16:00:00Z","Interval":"5min","Figi":"BBG000BKYDP9"}
{"o":31.45,"c":31.46,"h":31.47,"l":31.44,"v":5951.0,"Time":"2020-11-24T16:00:00Z","Interval":"5min","Figi":"BBG000BKYDP9"}
{"o":31.45,"c":31.47,"h":31.47,"l":31.44,"v":6151.0,"Time":"2020-11-24T16:00:00Z","Interval":"5min","Figi":"BBG000BKYDP9"}
{"o":31.45,"c":31.48,"h":31.48,"l":31.44,"v":6251.0,"Time":"2020-11-24T16:00:00Z","Interval":"5min","Figi":"BBG000BKYDP9"}
{"o":31.45,"c":31.48,"h":31.48,"l":31.44,"v":6352.0,"Time":"2020-11-24T16:00:00Z","Interval":"5min","Figi":"BBG000BKYDP9"}
{"o":31.45,"c":31.48,"h":31.48,"l":31.44,"v":6403.0,"Time":"2020-11-24T16:00:00Z","Interval":"5min","Figi":"BBG000BKYDP9"}
{"o":31.45,"c":31.48,"h":31.48,"l":31.44,"v":6404.0,"Time":"2020-11-24T16:00:00Z","Interval":"5min","Figi":"BBG000BKYDP9"}
{"o":31.45,"c":31.49,"h":31.49,"l":31.44,"v":6590.0,"Time":"2020-11-24T16:00:00Z","Interval":"5min","Figi":"BBG000BKYDP9"}
{"o":31.45,"c":31.5,"h":31.5,"l":31.44,"v":6690.0,"Time":"2020-11-24T16:00:00Z","Interval":"5min","Figi":"BBG000BKYDP9"}
{"o":31.45,"c":31.5,"h":31.5,"l":31.44,"v":6890.0,"Time":"2020-11-24T16:00:00Z","Interval":"5min","Figi":"BBG000BKYDP9"}
{"o":31.45,"c":31.5,"h":31.5,"l":31.44,"v":7191.0,"Time":"2020-11-24T16:00:00Z","Interval":"5min","Figi":"BBG000BKYDP9"}
{"o":31.45,"c":31.5,"h":31.5,"l":31.44,"v":7257.0,"Time":"2020-11-24T16:00:00Z","Interval":"5min","Figi":"BBG000BKYDP9"}
{"o":31.45,"c":31.5,"h":31.5,"l":31.44,"v":7291.0,"Time":"2020-11-24T16:00:00Z","Interval":"5min","Figi":"BBG000BKYDP9"}
{"o":31.45,"c":31.51,"h":31.51,"l":31.44,"v":7491.0,"Time":"2020-11-24T16:00:00Z","Interval":"5min","Figi":"BBG000BKYDP9"}
{"o":31.45,"c":31.51,"h":31.51,"l":31.44,"v":7492.0,"Time":"2020-11-24T16:00:00Z","Interval":"5min","Figi":"BBG000BKYDP9"}
{"o":31.45,"c":31.51,"h":31.51,"l":31.44,"v":7692.0,"Time":"2020-11-24T16:00:00Z","Interval":"5min","Figi":"BBG000BKYDP9"}
{"o":31.45,"c":31.5,"h":31.51,"l":31.44,"v":7896.0,"Time":"2020-11-24T16:00:00Z","Interval":"5min","Figi":"BBG000BKYDP9"}
{"o":31.45,"c":31.5,"h":31.51,"l":31.44,"v":8078.0,"Time":"2020-11-24T16:00:00Z","Interval":"5min","Figi":"BBG000BKYDP9"}
{"o":31.45,"c":31.5,"h":31.51,"l":31.44,"v":8178.0,"Time":"2020-11-24T16:00:00Z","Interval":"5min","Figi":"BBG000BKYDP9"}
{"o":31.45,"c":31.5,"h":31.51,"l":31.44,"v":8278.0,"Time":"2020-11-24T16:00:00Z","Interval":"5min","Figi":"BBG000BKYDP9"}
{"o":31.45,"c":31.51,"h":31.51,"l":31.44,"v":8378.0,"Time":"2020-11-24T16:00:00Z","Interval":"5min","Figi":"BBG000BKYDP9"}
{"o":31.45,"c":31.5,"h":31.51,"l":31.44,"v":8478.0,"Time":"2020-11-24T16:00:00Z","Interval":"5min","Figi":"BBG000BKYDP9"}
{"o":31.45,"c":31.49,"h":31.51,"l":31.44,"v":8940.0,"Time":"2020-11-24T16:00:00Z","Interval":"5min","Figi":"BBG000BKYDP9"}
{"o":31.45,"c":31.49,"h":31.51,"l":31.44,"v":9140.0,"Time":"2020-11-24T16:00:00Z","Interval":"5min","Figi":"BBG000BKYDP9"}
{"o":31.45,"c":31.48,"h":31.51,"l":31.44,"v":9250.0,"Time":"2020-11-24T16:00:00Z","Interval":"5min","Figi":"BBG000BKYDP9"}
{"o":31.45,"c":31.47,"h":31.51,"l":31.44,"v":9350.0,"Time":"2020-11-24T16:00:00Z","Interval":"5min","Figi":"BBG000BKYDP9"}
{"o":31.45,"c":31.47,"h":31.51,"l":31.44,"v":9450.0,"Time":"2020-11-24T16:00:00Z","Interval":"5min","Figi":"BBG000BKYDP9"}
{"o":31.45,"c":31.47,"h":31.51,"l":31.44,"v":9550.0,"Time":"2020-11-24T16:00:00Z","Interval":"5min","Figi":"BBG000BKYDP9"}
{"o":31.45,"c":31.47,"h":31.51,"l":31.44,"v":9552.0,"Time":"2020-11-24T16:00:00Z","Interval":"5min","Figi":"BBG000BKYDP9"}
{"o":31.45,"c":31.47,"h":31.51,"l":31.44,"v":9650.0,"Time":"2020-11-24T16:00:00Z","Interval":"5min","Figi":"BBG000BKYDP9"}
{"o":31.45,"c":31.47,"h":31.51,"l":31.44,"v":9852.0,"Time":"2020-11-24T16:00:00Z","Interval":"5min","Figi":"BBG000BKYDP9"}
{"o":31.45,"c":31.47,"h":31.51,"l":31.44,"v":9953.0,"Time":"2020-11-24T16:00:00Z","Interval":"5min","Figi":"BBG000BKYDP9"}
{"o":31.45,"c":31.48,"h":31.51,"l":31.44,"v":10353.0,"Time":"2020-11-24T16:00:00Z","Interval":"5min","Figi":"BBG000BKYDP9"}
{"o":31.45,"c":31.48,"h":31.51,"l":31.44,"v":10453.0,"Time":"2020-11-24T16:00:00Z","Interval":"5min","Figi":"BBG000BKYDP9"}
{"o":31.45,"c":31.47,"h":31.51,"l":31.44,"v":10643.0,"Time":"2020-11-24T16:00:00Z","Interval":"5min","Figi":"BBG000BKYDP9"}
{"o":31.45,"c":31.46,"h":31.51,"l":31.44,"v":10943.0,"Time":"2020-11-24T16:00:00Z","Interval":"5min","Figi":"BBG000BKYDP9"}
{"o":31.45,"c":31.45,"h":31.51,"l":31.44,"v":11143.0,"Time":"2020-11-24T16:00:00Z","Interval":"5min","Figi":"BBG000BKYDP9"}
{"o":31.45,"c":31.44,"h":31.51,"l":31.44,"v":11284.0,"Time":"2020-11-24T16:00:00Z","Interval":"5min","Figi":"BBG000BKYDP9"}
{"o":31.45,"c":31.43,"h":31.51,"l":31.43,"v":11744.0,"Time":"2020-11-24T16:00:00Z","Interval":"5min","Figi":"BBG000BKYDP9"}
{"o":31.45,"c":31.43,"h":31.51,"l":31.43,"v":11953.0,"Time":"2020-11-24T16:00:00Z","Interval":"5min","Figi":"BBG000BKYDP9"}
{"o":31.45,"c":31.43,"h":31.51,"l":31.43,"v":12153.0,"Time":"2020-11-24T16:00:00Z","Interval":"5min","Figi":"BBG000BKYDP9"}
{"o":31.45,"c":31.42,"h":31.51,"l":31.42,"v":12253.0,"Time":"2020-11-24T16:00:00Z","Interval":"5min","Figi":"BBG000BKYDP9"}
{"o":31.45,"c":31.43,"h":31.51,"l":31.42,"v":12457.0,"Time":"2020-11-24T16:00:00Z","Interval":"5min","Figi":"BBG000BKYDP9"}
{"o":31.45,"c":31.43,"h":31.51,"l":31.42,"v":12559.0,"Time":"2020-11-24T16:00:00Z","Interval":"5min","Figi":"BBG000BKYDP9"}
{"o":31.45,"c":31.43,"h":31.51,"l":31.42,"v":12659.0,"Time":"2020-11-24T16:00:00Z","Interval":"5min","Figi":"BBG000BKYDP9"}
{"o":31.44,"c":31.44,"h":31.44,"l":31.44,"v":104.0,"Time":"2020-11-24T16:05:00Z","Interval":"5min","Figi":"BBG000BKYDP9"}
{"o":31.44,"c":31.44,"h":31.44,"l":31.44,"v":105.0,"Time":"2020-11-24T16:05:00Z","Interval":"5min","Figi":"BBG000BKYDP9"}
{"o":31.44,"c":31.45,"h":31.45,"l":31.44,"v":506.0,"Time":"2020-11-24T16:05:00Z","Interval":"5min","Figi":"BBG000BKYDP9"}
{"o":31.44,"c":31.46,"h":31.46,"l":31.44,"v":507.0,"Time":"2020-11-24T16:05:00Z","Interval":"5min","Figi":"BBG000BKYDP9"}
{"o":31.44,"c":31.47,"h":31.47,"l":31.44,"v":592.0,"Time":"2020-11-24T16:05:00Z","Interval":"5min","Figi":"BBG000BKYDP9"}
{"o":31.44,"c":31.47,"h":31.47,"l":31.44,"v":792.0,"Time":"2020-11-24T16:05:00Z","Interval":"5min","Figi":"BBG000BKYDP9"}
{"o":31.44,"c":31.46,"h":31.47,"l":31.44,"v":992.0,"Time":"2020-11-24T16:05:00Z","Interval":"5min","Figi":"BBG000BKYDP9"}
{"o":31.44,"c":31.46,"h":31.47,"l":31.44,"v":996.0,"Time":"2020-11-24T16:05:00Z","Interval":"5min","Figi":"BBG000BKYDP9"}
{"o":31.44,"c":31.45,"h":31.47,"l":31.44,"v":1096.0,"Time":"2020-11-24T16:05:00Z","Interval":"5min","Figi":"BBG000BKYDP9"}
{"o":31.44,"c":31.44,"h":31.47,"l":31.44,"v":1358.0,"Time":"2020-11-24T16:05:00Z","Interval":"5min","Figi":"BBG000BKYDP9"}
{"o":31.44,"c":31.43,"h":31.47,"l":31.43,"v":1458.0,"Time":"2020-11-24T16:05:00Z","Interval":"5min","Figi":"BBG000BKYDP9"}
{"o":31.44,"c":31.41,"h":31.47,"l":31.41,"v":1558.0,"Time":"2020-11-24T16:05:00Z","Interval":"5min","Figi":"BBG000BKYDP9"}
{"o":31.44,"c":31.39,"h":31.47,"l":31.39,"v":2058.0,"Time":"2020-11-24T16:05:00Z","Interval":"5min","Figi":"BBG000BKYDP9"}
{"o":31.44,"c":31.37,"h":31.47,"l":31.37,"v":2158.0,"Time":"2020-11-24T16:05:00Z","Interval":"5min","Figi":"BBG000BKYDP9"}
{"o":31.44,"c":31.38,"h":31.47,"l":31.37,"v":2580.0,"Time":"2020-11-24T16:05:00Z","Interval":"5min","Figi":"BBG000BKYDP9"}
{"o":31.44,"c":31.38,"h":31.47,"l":31.37,"v":2645.0,"Time":"2020-11-24T16:05:00Z","Interval":"5min","Figi":"BBG000BKYDP9"}
{"o":31.44,"c":31.38,"h":31.47,"l":31.37,"v":2875.0,"Time":"2020-11-24T16:05:00Z","Interval":"5min","Figi":"BBG000BKYDP9"}
{"o":31.44,"c":31.38,"h":31.47,"l":31.37,"v":3075.0,"Time":"2020-11-24T16:05:00Z","Interval":"5min","Figi":"BBG000BKYDP9"}
{"o":31.44,"c":31.37,"h":31.47,"l":31.37,"v":3375.0,"Time":"2020-11-24T16:05:00Z","Interval":"5min","Figi":"BBG000BKYDP9"}
{"o":31.44,"c":31.37,"h":31.47,"l":31.37,"v":3482.0,"Time":"2020-11-24T16:05:00Z","Interval":"5min","Figi":"BBG000BKYDP9"}
{"o":31.44,"c":31.37,"h":31.47,"l":31.37,"v":3575.0,"Time":"2020-11-24T16:05:00Z","Interval":"5min","Figi":"BBG000BKYDP9"}
{"o":31.44,"c":31.37,"h":31.47,"l":31.37,"v":3675.0,"Time":"2020-11-24T16:05:00Z","Interval":"5min","Figi":"BBG000BKYDP9"}
{"o":31.44,"c":31.37,"h":31.47,"l":31.37,"v":3675.0,"Time":"2020-11-24T16:05:00Z","Interval":"5min","Figi":"BBG000BKYDP9"}
{"o":31.44,"c":31.36,"h":31.47,"l":31.36,"v":3775.0,"Time":"2020-11-24T16:05:00Z","Interval":"5min","Figi":"BBG000BKYDP9"}
{"o":31.44,"c":31.38,"h":31.47,"l":31.36,"v":4386.0,"Time":"2020-11-24T16:05:00Z","Interval":"5min","Figi":"BBG000BKYDP9"}
{"o":31.44,"c":31.37,"h":31.47,"l":31.36,"v":3832.0,"Time":"2020-11-24T16:05:00Z","Interval":"5min","Figi":"BBG000BKYDP9"}
{"o":31.44,"c":31.38,"h":31.47,"l":31.36,"v":4387.0,"Time":"2020-11-24T16:05:00Z","Interval":"5min","Figi":"BBG000BKYDP9"}
{"o":31.44,"c":31.39,"h":31.47,"l":31.36,"v":4399.0,"Time":"2020-11-24T16:05:00Z","Interval":"5min","Figi":"BBG000BKYDP9"}
{"o":31.44,"c":31.4,"h":31.47,"l":31.36,"v":4599.0,"Time":"2020-11-24T16:05:00Z","Interval":"5min","Figi":"BBG000BKYDP9"}
{"o":31.44,"c":31.4,"h":31.47,"l":31.36,"v":4799.0,"Time":"2020-11-24T16:05:00Z","Interval":"5min","Figi":"BBG000BKYDP9"}
{"o":31.44,"c":31.4,"h":31.47,"l":31.36,"v":4999.0,"Time":"2020-11-24T16:05:00Z","Interval":"5min","Figi":"BBG000BKYDP9"}
{"o":31.44,"c":31.39,"h":31.47,"l":31.36,"v":5028.0,"Time":"2020-11-24T16:05:00Z","Interval":"5min","Figi":"BBG000BKYDP9"}
{"o":31.44,"c":31.39,"h":31.47,"l":31.36,"v":5399.0,"Time":"2020-11-24T16:05:00Z","Interval":"5min","Figi":"BBG000BKYDP9"}
{"o":31.44,"c":31.38,"h":31.47,"l":31.36,"v":5599.0,"Time":"2020-11-24T16:05:00Z","Interval":"5min","Figi":"BBG000BKYDP9"}
{"o":31.44,"c":31.38,"h":31.47,"l":31.36,"v":5699.0,"Time":"2020-11-24T16:05:00Z","Interval":"5min","Figi":"BBG000BKYDP9"}
{"o":31.44,"c":31.38,"h":31.47,"l":31.36,"v":5700.0,"Time":"2020-11-24T16:05:00Z","Interval":"5min","Figi":"BBG000BKYDP9"}
{"o":31.44,"c":31.38,"h":31.47,"l":31.36,"v":6300.0,"Time":"2020-11-24T16:05:00Z","Interval":"5min","Figi":"BBG000BKYDP9"}
{"o":31.44,"c":31.38,"h":31.47,"l":31.36,"v":6369.0,"Time":"2020-11-24T16:05:00Z","Interval":"5min","Figi":"BBG000BKYDP9"}
{"o":31.44,"c":31.37,"h":31.47,"l":31.36,"v":6554.0,"Time":"2020-11-24T16:05:00Z","Interval":"5min","Figi":"BBG000BKYDP9"}
{"o":31.44,"c":31.36,"h":31.47,"l":31.36,"v":6643.0,"Time":"2020-11-24T16:05:00Z","Interval":"5min","Figi":"BBG000BKYDP9"}
{"o":31.44,"c":31.36,"h":31.47,"l":31.36,"v":6743.0,"Time":"2020-11-24T16:05:00Z","Interval":"5min","Figi":"BBG000BKYDP9"}
{"o":31.44,"c":31.36,"h":31.47,"l":31.36,"v":6744.0,"Time":"2020-11-24T16:05:00Z","Interval":"5min","Figi":"BBG000BKYDP9"}
{"o":31.44,"c":31.36,"h":31.47,"l":31.36,"v":6744.0,"Time":"2020-11-24T16:05:00Z","Interval":"5min","Figi":"BBG000BKYDP9"}
{"o":31.44,"c":31.38,"h":31.47,"l":31.36,"v":6854.0,"Time":"2020-11-24T16:05:00Z","Interval":"5min","Figi":"BBG000BKYDP9"}
{"o":31.44,"c":31.37,"h":31.47,"l":31.36,"v":7158.0,"Time":"2020-11-24T16:05:00Z","Interval":"5min","Figi":"BBG000BKYDP9"}
{"o":31.36,"c":31.36,"h":31.36,"l":31.36,"v":120.0,"Time":"2020-11-24T16:10:00Z","Interval":"5min","Figi":"BBG000BKYDP9"}
{"o":31.36,"c":31.35,"h":31.36,"l":31.35,"v":220.0,"Time":"2020-11-24T16:10:00Z","Interval":"5min","Figi":"BBG000BKYDP9"}
{"o":31.36,"c":31.35,"h":31.36,"l":31.35,"v":320.0,"Time":"2020-11-24T16:10:00Z","Interval":"5min","Figi":"BBG000BKYDP9"}
{"o":31.36,"c":31.35,"h":31.36,"l":31.35,"v":420.0,"Time":"2020-11-24T16:10:00Z","Interval":"5min","Figi":"BBG000BKYDP9"}
{"o":31.36,"c":31.34,"h":31.36,"l":31.34,"v":423.0,"Time":"2020-11-24T16:10:00Z","Interval":"5min","Figi":"BBG000BKYDP9"}
{"o":31.36,"c":31.34,"h":31.36,"l":31.34,"v":523.0,"Time":"2020-11-24T16:10:00Z","Interval":"5min","Figi":"BBG000BKYDP9"}
{"o":31.36,"c":31.33,"h":31.36,"l":31.33,"v":533.0,"Time":"2020-11-24T16:10:00Z","Interval":"5min","Figi":"BBG000BKYDP9"}
{"o":31.36,"c":31.33,"h":31.36,"l":31.33,"v":615.0,"Time":"2020-11-24T16:10:00Z","Interval":"5min","Figi":"BBG000BKYDP9"}
{"o":31.36,"c":31.33,"h":31.36,"l":31.33,"v":705.0,"Time":"2020-11-24T16:10:00Z","Interval":"5min","Figi":"BBG000BKYDP9"}
{"o":31.36,"c":31.33,"h":31.36,"l":31.33,"v":819.0,"Time":"2020-11-24T16:10:00Z","Interval":"5min","Figi":"BBG000BKYDP9"}
{"o":31.36,"c":31.32,"h":31.36,"l":31.32,"v":873.0,"Time":"2020-11-24T16:10:00Z","Interval":"5min","Figi":"BBG000BKYDP9"}
{"o":31.36,"c":31.33,"h":31.36,"l":31.32,"v":974.0,"Time":"2020-11-24T16:10:00Z","Interval":"5min","Figi":"BBG000BKYDP9"}
{"o":31.36,"c":31.34,"h":31.36,"l":31.32,"v":975.0,"Time":"2020-11-24T16:10:00Z","Interval":"5min","Figi":"BBG000BKYDP9"}
{"o":31.36,"c":31.35,"h":31.36,"l":31.32,"v":987.0,"Time":"2020-11-24T16:10:00Z","Interval":"5min","Figi":"BBG000BKYDP9"}
{"o":31.36,"c":31.35,"h":31.36,"l":31.32,"v":1076.0,"Time":"2020-11-24T16:10:00Z","Interval":"5min","Figi":"BBG000BKYDP9"}
{"o":31.36,"c":31.36,"h":31.36,"l":31.32,"v":1083.0,"Time":"2020-11-24T16:10:00Z","Interval":"5min","Figi":"BBG000BKYDP9"}
{"o":31.36,"c":31.37,"h":31.37,"l":31.32,"v":1183.0,"Time":"2020-11-24T16:10:00Z","Interval":"5min","Figi":"BBG000BKYDP9"}
{"o":31.36,"c":31.38,"h":31.38,"l":31.32,"v":1258.0,"Time":"2020-11-24T16:10:00Z","Interval":"5min","Figi":"BBG000BKYDP9"}
{"o":31.36,"c":31.37,"h":31.38,"l":31.32,"v":1363.0,"Time":"2020-11-24T16:10:00Z","Interval":"5min","Figi":"BBG000BKYDP9"}
{"o":31.36,"c":31.37,"h":31.38,"l":31.32,"v":1445.0,"Time":"2020-11-24T16:10:00Z","Interval":"5min","Figi":"BBG000BKYDP9"}
{"o":31.36,"c":31.36,"h":31.38,"l":31.32,"v":1545.0,"Time":"2020-11-24T16:10:00Z","Interval":"5min","Figi":"BBG000BKYDP9"}
{"o":31.36,"c":31.35,"h":31.38,"l":31.32,"v":1645.0,"Time":"2020-11-24T16:10:00Z","Interval":"5min","Figi":"BBG000BKYDP9"}
{"o":31.36,"c":31.34,"h":31.38,"l":31.32,"v":1933.0,"Time":"2020-11-24T16:10:00Z","Interval":"5min","Figi":"BBG000BKYDP9"}
{"o":31.36,"c":31.34,"h":31.38,"l":31.32,"v":2014.0,"Time":"2020-11-24T16:10:00Z","Interval":"5min","Figi":"BBG000BKYDP9"}
{"o":31.36,"c":31.34,"h":31.38,"l":31.32,"v":2044.0,"Time":"2020-11-24T16:10:00Z","Interval":"5min","Figi":"BBG000BKYDP9"}
{"o":31.36,"c":31.34,"h":31.38,"l":31.32,"v":2145.0,"Time":"2020-11-24T16:10:00Z","Interval":"5min","Figi":"BBG000BKYDP9"}
{"o":31.36,"c":31.35,"h":31.38,"l":31.32,"v":2245.0,"Time":"2020-11-24T16:10:00Z","Interval":"5min","Figi":"BBG000BKYDP9"}
{"o":31.36,"c":31.35,"h":31.38,"l":31.32,"v":2245.0,"Time":"2020-11-24T16:10:00Z","Interval":"5min","Figi":"BBG000BKYDP9"}
{"o":31.36,"c":31.36,"h":31.38,"l":31.32,"v":2445.0,"Time":"2020-11-24T16:10:00Z","Interval":"5min","Figi":"BBG000BKYDP9"}
{"o":31.36,"c":31.36,"h":31.38,"l":31.32,"v":2846.0,"Time":"2020-11-24T16:10:00Z","Interval":"5min","Figi":"BBG000BKYDP9"}
{"o":31.36,"c":31.36,"h":31.38,"l":31.32,"v":3046.0,"Time":"2020-11-24T16:10:00Z","Interval":"5min","Figi":"BBG000BKYDP9"}
{"o":31.36,"c":31.36,"h":31.38,"l":31.32,"v":3147.0,"Time":"2020-11-24T16:10:00Z","Interval":"5min","Figi":"BBG000BKYDP9"}
{"o":31.36,"c":31.37,"h":31.38,"l":31.32,"v":3307.0,"Time":"2020-11-24T16:10:00Z","Interval":"5min","Figi":"BBG000BKYDP9"}
{"o":31.36,"c":31.37,"h":31.38,"l":31.32,"v":3656.0,"Time":"2020-11-24T16:10:00Z","Interval":"5min","Figi":"BBG000BKYDP9"}
{"o":31.36,"c":31.35,"h":31.38,"l":31.32,"v":4135.0,"Time":"2020-11-24T16:10:00Z","Interval":"5min","Figi":"BBG000BKYDP9"}
{"o":31.36,"c":31.36,"h":31.38,"l":31.32,"v":4637.0,"Time":"2020-11-24T16:10:00Z","Interval":"5min","Figi":"BBG000BKYDP9"}
{"o":31.36,"c":31.38,"h":31.38,"l":31.32,"v":5123.0,"Time":"2020-11-24T16:10:00Z","Interval":"5min","Figi":"BBG000BKYDP9"}
{"o":31.36,"c":31.39,"h":31.39,"l":31.32,"v":5223.0,"Time":"2020-11-24T16:10:00Z","Interval":"5min","Figi":"BBG000BKYDP9"}
{"o":31.36,"c":31.39,"h":31.39,"l":31.32,"v":5323.0,"Time":"2020-11-24T16:10:00Z","Interval":"5min","Figi":"BBG000BKYDP9"}
{"o":31.36,"c":31.39,"h":31.39,"l":31.32,"v":5325.0,"Time":"2020-11-24T16:10:00Z","Interval":"5min","Figi":"BBG000BKYDP9"}
{"o":31.36,"c":31.39,"h":31.39,"l":31.32,"v":5725.0,"Time":"2020-11-24T16:10:00Z","Interval":"5min","Figi":"BBG000BKYDP9"}
{"o":31.36,"c":31.38,"h":31.39,"l":31.32,"v":6055.0,"Time":"2020-11-24T16:10:00Z","Interval":"5min","Figi":"BBG000BKYDP9"}
{"o":31.36,"c":31.38,"h":31.39,"l":31.32,"v":6056.0,"Time":"2020-11-24T16:10:00Z","Interval":"5min","Figi":"BBG000BKYDP9"}
{"o":31.36,"c":31.38,"h":31.39,"l":31.32,"v":6156.0,"Time":"2020-11-24T16:10:00Z","Interval":"5min","Figi":"BBG000BKYDP9"}
{"o":31.36,"c":31.36,"h":31.36,"l":31.36,"v":100.0,"Time":"2020-11-24T16:15:00Z","Interval":"5min","Figi":"BBG000BKYDP9"}
{"o":31.36,"c":31.36,"h":31.36,"l":31.36,"v":100.0,"Time":"2020-11-24T16:15:00Z","Interval":"5min","Figi":"BBG000BKYDP9"}
{"o":31.36,"c":31.35,"h":31.36,"l":31.35,"v":502.0,"Time":"2020-11-24T16:15:00Z","Interval":"5min","Figi":"BBG000BKYDP9"}
{"o":31.36,"c":31.34,"h":31.36,"l":31.34,"v":857.0,"Time":"2020-11-24T16:15:00Z","Interval":"5min","Figi":"BBG000BKYDP9"}
{"o":31.36,"c":31.33,"h":31.36,"l":31.33,"v":1071.0,"Time":"2020-11-24T16:15:00Z","Interval":"5min","Figi":"BBG000BKYDP9"}
{"o":31.36,"c":31.32,"h":31.36,"l":31.32,"v":1171.0,"Time":"2020-11-24T16:15:00Z","Interval":"5min","Figi":"BBG000BKYDP9"}
{"o":31.36,"c":31.32,"h":31.36,"l":31.32,"v":1371.0,"Time":"2020-11-24T16:15:00Z","Interval":"5min","Figi":"BBG000BKYDP9"}
{"o":31.36,"c":31.31,"h":31.36,"l":31.31,"v":1379.0,"Time":"2020-11-24T16:15:00Z","Interval":"5min","Figi":"BBG000BKYDP9"}
{"o":31.36,"c":31.3,"h":31.36,"l":31.3,"v":1464.0,"Time":"2020-11-24T16:15:00Z","Interval":"5min","Figi":"BBG000BKYDP9"}
{"o":31.36,"c":31.3,"h":31.36,"l":31.3,"v":1545.0,"Time":"2020-11-24T16:15:00Z","Interval":"5min","Figi":"BBG000BKYDP9"}
{"o":31.36,"c":31.3,"h":31.36,"l":31.3,"v":1645.0,"Time":"2020-11-24T16:15:00Z","Interval":"5min","Figi":"BBG000BKYDP9"}
{"o":31.36,"c":31.29,"h":31.36,"l":31.29,"v":1655.0,"Time":"2020-11-24T16:15:00Z","Interval":"5min","Figi":"BBG000BKYDP9"}
{"o":31.36,"c":31.29,"h":31.36,"l":31.29,"v":1657.0,"Time":"2020-11-24T16:15:00Z","Interval":"5min","Figi":"BBG000BKYDP9"}
{"o":31.36,"c":31.29,"h":31.36,"l":31.29,"v":1757.0,"Time":"2020-11-24T16:15:00Z","Interval":"5min","Figi":"BBG000BKYDP9"}
{"o":31.36,"c":31.27,"h":31.36,"l":31.26,"v":2269.0,"Time":"2020-11-24T16:15:00Z","Interval":"5min","Figi":"BBG000BKYDP9"}
{"o":31.36,"c":31.28,"h":31.36,"l":31.26,"v":2369.0,"Time":"2020-11-24T16:15:00Z","Interval":"5min","Figi":"BBG000BKYDP9"}
{"o":31.36,"c":31.29,"h":31.36,"l":31.26,"v":2377.0,"Time":"2020-11-24T16:15:00Z","Interval":"5min","Figi":"BBG000BKYDP9"}
{"o":31.36,"c":31.3,"h":31.36,"l":31.26,"v":2391.0,"Time":"2020-11-24T16:15:00Z","Interval":"5min","Figi":"BBG000BKYDP9"}
{"o":31.36,"c":31.3,"h":31.36,"l":31.26,"v":2392.0,"Time":"2020-11-24T16:15:00Z","Interval":"5min","Figi":"BBG000BKYDP9"}
{"o":31.36,"c":31.29,"h":31.36,"l":31.26,"v":2401.0,"Time":"2020-11-24T16:15:00Z","Interval":"5min","Figi":"BBG000BKYDP9"}
{"o":31.36,"c":31.3,"h":31.36,"l":31.26,"v":2411.0,"Time":"2020-11-24T16:15:00Z","Interval":"5min","Figi":"BBG000BKYDP9"}
{"o":31.36,"c":31.3,"h":31.36,"l":31.26,"v":2412.0,"Time":"2020-11-24T16:15:00Z","Interval":"5min","Figi":"BBG000BKYDP9"}
{"o":31.36,"c":31.3,"h":31.36,"l":31.26,"v":2413.0,"Time":"2020-11-24T16:15:00Z","Interval":"5min","Figi":"BBG000BKYDP9"}
{"o":31.36,"c":31.3,"h":31.36,"l":31.26,"v":2414.0,"Time":"2020-11-24T16:15:00Z","Interval":"5min","Figi":"BBG000BKYDP9"}
{"o":31.36,"c":31.3,"h":31.36,"l":31.26,"v":2415.0,"Time":"2020-11-24T16:15:00Z","Interval":"5min","Figi":"BBG000BKYDP9"}
{"o":31.36,"c":31.3,"h":31.36,"l":31.26,"v":2427.0,"Time":"2020-11-24T16:15:00Z","Interval":"5min","Figi":"BBG000BKYDP9"}
{"o":31.36,"c":31.31,"h":31.36,"l":31.26,"v":2440.0,"Time":"2020-11-24T16:15:00Z","Interval":"5min","Figi":"BBG000BKYDP9"}
{"o":31.36,"c":31.31,"h":31.36,"l":31.26,"v":2444.0,"Time":"2020-11-24T16:15:00Z","Interval":"5min","Figi":"BBG000BKYDP9"}
{"o":31.36,"c":31.31,"h":31.36,"l":31.26,"v":2451.0,"Time":"2020-11-24T16:15:00Z","Interval":"5min","Figi":"BBG000BKYDP9"}
{"o":31.36,"c":31.31,"h":31.36,"l":31.26,"v":2454.0,"Time":"2020-11-24T16:15:00Z","Interval":"5min","Figi":"BBG000BKYDP9"}
{"o":31.36,"c":31.32,"h":31.36,"l":31.26,"v":2455.0,"Time":"2020-11-24T16:15:00Z","Interval":"5min","Figi":"BBG000BKYDP9"}
{"o":31.36,"c":31.32,"h":31.36,"l":31.26,"v":2555.0,"Time":"2020-11-24T16:15:00Z","Interval":"5min","Figi":"BBG000BKYDP9"}
{"o":31.36,"c":31.32,"h":31.36,"l":31.26,"v":2787.0,"Time":"2020-11-24T16:15:00Z","Interval":"5min","Figi":"BBG000BKYDP9"}
{"o":31.36,"c":31.33,"h":31.36,"l":31.26,"v":2820.0,"Time":"2020-11-24T16:15:00Z","Interval":"5min","Figi":"BBG000BKYDP9"}
{"o":31.36,"c":31.33,"h":31.36,"l":31.26,"v":3020.0,"Time":"2020-11-24T16:15:00Z","Interval":"5min","Figi":"BBG000BKYDP9"}
{"o":31.36,"c":31.33,"h":31.36,"l":31.26,"v":3132.0,"Time":"2020-11-24T16:15:00Z","Interval":"5min","Figi":"BBG000BKYDP9"}
{"o":31.36,"c":31.32,"h":31.36,"l":31.26,"v":3332.0,"Time":"2020-11-24T16:15:00Z","Interval":"5min","Figi":"BBG000BKYDP9"}
{"o":31.36,"c":31.32,"h":31.36,"l":31.26,"v":3603.0,"Time":"2020-11-24T16:15:00Z","Interval":"5min","Figi":"BBG000BKYDP9"}
{"o":31.36,"c":31.32,"h":31.36,"l":31.26,"v":3604.0,"Time":"2020-11-24T16:15:00Z","Interval":"5min","Figi":"BBG000BKYDP9"}
{"o":31.36,"c":31.32,"h":31.36,"l":31.26,"v":3704.0,"Time":"2020-11-24T16:15:00Z","Interval":"5min","Figi":"BBG000BKYDP9"}
{"o":31.36,"c":31.32,"h":31.36,"l":31.26,"v":3725.0,"Time":"2020-11-24T16:15:00Z","Interval":"5min","Figi":"BBG000BKYDP9"}
{"o":31.36,"c":31.31,"h":31.36,"l":31.26,"v":3745.0,"Time":"2020-11-24T16:15:00Z","Interval":"5min","Figi":"BBG000BKYDP9"}
{"o":31.36,"c":31.31,"h":31.36,"l":31.26,"v":4327.0,"Time":"2020-11-24T16:15:00Z","Interval":"5min","Figi":"BBG000BKYDP9"}
{"o":31.36,"c":31.31,"h":31.36,"l":31.26,"v":4788.0,"Time":"2020-11-24T16:15:00Z","Interval":"5min","Figi":"BBG000BKYDP9"}
{"o":31.36,"c":31.32,"h":31.36,"l":31.26,"v":4869.0,"Time":"2020-11-24T16:15:00Z","Interval":"5min","Figi":"BBG000BKYDP9"}
{"o":31.36,"c":31.32,"h":31.36,"l":31.26,"v":4888.0,"Time":"2020-11-24T16:15:00Z","Interval":"5min","Figi":"BBG000BKYDP9"}
{"o":31.36,"c":31.32,"h":31.36,"l":31.26,"v":5043.0,"Time":"2020-11-24T16:15:00Z","Interval":"5min","Figi":"BBG000BKYDP9"}
{"o":31.36,"c":31.3,"h":31.36,"l":31.26,"v":5243.0,"Time":"2020-11-24T16:15:00Z","Interval":"5min","Figi":"BBG000BKYDP9"}
{"o":31.36,"c":31.3,"h":31.36,"l":31.26,"v":5443.0,"Time":"2020-11-24T16:15:00Z","Interval":"5min","Figi":"BBG000BKYDP9"}
{"o":31.3,"c":31.3,"h":31.3,"l":31.3,"v":101.0,"Time":"2020-11-24T16:20:00Z","Interval":"5min","Figi":"BBG000BKYDP9"}
{"o":31.3,"c":31.31,"h":31.31,"l":31.3,"v":238.0,"Time":"2020-11-24T16:20:00Z","Interval":"5min","Figi":"BBG000BKYDP9"}
{"o":31.3,"c":31.32,"h":31.32,"l":31.3,"v":276.0,"Time":"2020-11-24T16:20:00Z","Interval":"5min","Figi":"BBG000BKYDP9"}
{"o":31.3,"c":31.32,"h":31.32,"l":31.3,"v":284.0,"Time":"2020-11-24T16:20:00Z","Interval":"5min","Figi":"BBG000BKYDP9"}
{"o":31.3,"c":31.32,"h":31.32,"l":31.3,"v":584.0,"Time":"2020-11-24T16:20:00Z","Interval":"5min","Figi":"BBG000BKYDP9"}
{"o":31.3,"c":31.32,"h":31.32,"l":31.3,"v":1065.0,"Time":"2020-11-24T16:20:00Z","Interval":"5min","Figi":"BBG000BKYDP9"}
{"o":31.3,"c":31.32,"h":31.32,"l":31.3,"v":1146.0,"Time":"2020-11-24T16:20:00Z","Interval":"5min","Figi":"BBG000BKYDP9"}
{"o":31.3,"c":31.32,"h":31.32,"l":31.3,"v":1446.0,"Time":"2020-11-24T16:20:00Z","Interval":"5min","Figi":"BBG000BKYDP9"}
{"o":31.3,"c":31.32,"h":31.32,"l":31.3,"v":1447.0,"Time":"2020-11-24T16:20:00Z","Interval":"5min","Figi":"BBG000BKYDP9"}
{"o":31.3,"c":31.33,"h":31.33,"l":31.3,"v":1614.0,"Time":"2020-11-24T16:20:00Z","Interval":"5min","Figi":"BBG000BKYDP9"}
{"o":31.3,"c":31.33,"h":31.33,"l":31.3,"v":1615.0,"Time":"2020-11-24T16:20:00Z","Interval":"5min","Figi":"BBG000BKYDP9"}
{"o":31.3,"c":31.34,"h":31.34,"l":31.3,"v":1616.0,"Time":"2020-11-24T16:20:00Z","Interval":"5min","Figi":"BBG000BKYDP9"}
{"o":31.3,"c":31.34,"h":31.34,"l":31.3,"v":1618.0,"Time":"2020-11-24T16:20:00Z","Interval":"5min","Figi":"BBG000BKYDP9"}
{"o":31.3,"c":31.35,"h":31.35,"l":31.3,"v":1818.0,"Time":"2020-11-24T16:20:00Z","Interval":"5min","Figi":"BBG000BKYDP9"}
{"o":31.3,"c":31.35,"h":31.35,"l":31.3,"v":1919.0,"Time":"2020-11-24T16:20:00Z","Interval":"5min","Figi":"BBG000BKYDP9"}
{"o":31.3,"c":31.36,"h":31.36,"l":31.3,"v":2019.0,"Time":"2020-11-24T16:20:00Z","Interval":"5min","Figi":"BBG000BKYDP9"}
{"o":31.3,"c":31.36,"h":31.36,"l":31.3,"v":2216.0,"Time":"2020-11-24T16:20:00Z","Interval":"5min","Figi":"BBG000BKYDP9"}
{"o":31.3,"c":31.35,"h":31.36,"l":31.3,"v":2420.0,"Time":"2020-11-24T16:20:00Z","Interval":"5min","Figi":"BBG000BKYDP9"}
{"o":31.3,"c":31.35,"h":31.36,"l":31.3,"v":2520.0,"Time":"2020-11-24T16:20:00Z","Interval":"5min","Figi":"BBG000BKYDP9"}
{"o":31.3,"c":31.35,"h":31.36,"l":31.3,"v":2531.0,"Time":"2020-11-24T16:20:00Z","Interval":"5min","Figi":"BBG000BKYDP9"}
{"o":31.3,"c":31.36,"h":31.36,"l":31.3,"v":2736.0,"Time":"2020-11-24T16:20:00Z","Interval":"5min","Figi":"BBG000BKYDP9"}
{"o":31.3,"c":31.36,"h":31.36,"l":31.3,"v":2835.0,"Time":"2020-11-24T16:20:00Z","Interval":"5min","Figi":"BBG000BKYDP9"}
{"o":31.3,"c":31.36,"h":31.36,"l":31.3,"v":2858.0,"Time":"2020-11-24T16:20:00Z","Interval":"5min","Figi":"BBG000BKYDP9"}
{"o":31.3,"c":31.36,"h":31.36,"l":31.3,"v":2966.0,"Time":"2020-11-24T16:20:00Z","Interval":"5min","Figi":"BBG000BKYDP9"}
{"o":31.3,"c":31.34,"h":31.36,"l":31.3,"v":3726.0,"Time":"2020-11-24T16:20:00Z","Interval":"5min","Figi":"BBG000BKYDP9"}
{"o":31.3,"c":31.34,"h":31.36,"l":31.3,"v":3826.0,"Time":"2020-11-24T16:20:00Z","Interval":"5min","Figi":"BBG000BKYDP9"}
{"o":31.3,"c":31.34,"h":31.36,"l":31.3,"v":4027.0,"Time":"2020-11-24T16:20:00Z","Interval":"5min","Figi":"BBG000BKYDP9"}
{"o":31.3,"c":31.35,"h":31.36,"l":31.3,"v":4391.0,"Time":"2020-11-24T16:20:00Z","Interval":"5min","Figi":"BBG000BKYDP9"}
{"o":31.3,"c":31.35,"h":31.36,"l":31.3,"v":4521.0,"Time":"2020-11-24T16:20:00Z","Interval":"5min","Figi":"BBG000BKYDP9"}
{"o":31.3,"c":31.34,"h":31.36,"l":31.3,"v":4526.0,"Time":"2020-11-24T16:20:00Z","Interval":"5min","Figi":"BBG000BKYDP9"}
{"o":31.3,"c":31.35,"h":31.36,"l":31.3,"v":4827.0,"Time":"2020-11-24T16:20:00Z","Interval":"5min","Figi":"BBG000BKYDP9"}
{"o":31.3,"c":31.36,"h":31.36,"l":31.3,"v":4932.0,"Time":"2020-11-24T16:20:00Z","Interval":"5min","Figi":"BBG000BKYDP9"}
{"o":31.3,"c":31.36,"h":31.36,"l":31.3,"v":5132.0,"Time":"2020-11-24T16:20:00Z","Interval":"5min","Figi":"BBG000BKYDP9"}
{"o":31.3,"c":31.36,"h":31.36,"l":31.3,"v":5142.0,"Time":"2020-11-24T16:20:00Z","Interval":"5min","Figi":"BBG000BKYDP9"}
{"o":31.3,"c":31.36,"h":31.36,"l":31.3,"v":5242.0,"Time":"2020-11-24T16:20:00Z","Interval":"5min","Figi":"BBG000BKYDP9"}
{"o":31.3,"c":31.36,"h":31.36,"l":31.3,"v":5563.0,"Time":"2020-11-24T16:20:00Z","Interval":"5min","Figi":"BBG000BKYDP9"}
{"o":31.35,"c":31.35,"h":31.35,"l":31.35,"v":122.0,"Time":"2020-11-24T16:25:00Z","Interval":"5min","Figi":"BBG000BKYDP9"}
{"o":31.35,"c":31.36,"h":31.36,"l":31.35,"v":123.0,"Time":"2020-11-24T16:25:00Z","Interval":"5min","Figi":"BBG000BKYDP9"}
{"o":31.35,"c":31.36,"h":31.36,"l":31.35,"v":124.0,"Time":"2020-11-24T16:25:00Z","Interval":"5min","Figi":"BBG000BKYDP9"}
{"o":31.35,"c":31.36,"h":31.36,"l":31.35,"v":224.0,"Time":"2020-11-24T16:25:00Z","Interval":"5min","Figi":"BBG000BKYDP9"}
{"o":31.35,"c":31.36,"h":31.36,"l":31.35,"v":324.0,"Time":"2020-11-24T16:25:00Z","Interval":"5min","Figi":"BBG000BKYDP9"}
{"o":31.35,"c":31.35,"h":31.36,"l":31.35,"v":686.0,"Time":"2020-11-24T16:25:00Z","Interval":"5min","Figi":"BBG000BKYDP9"}
{"o":31.35,"c":31.33,"h":31.36,"l":31.33,"v":786.0,"Time":"2020-11-24T16:25:00Z","Interval":"5min","Figi":"BBG000BKYDP9"}
{"o":31.35,"c":31.31,"h":31.36,"l":31.31,"v":789.0,"Time":"2020-11-24T16:25:00Z","Interval":"5min","Figi":"BBG000BKYDP9"}
{"o":31.35,"c":31.31,"h":31.36,"l":31.31,"v":990.0,"Time":"2020-11-24T16:25:00Z","Interval":"5min","Figi":"BBG000BKYDP9"}
{"o":31.35,"c":31.31,"h":31.36,"l":31.31,"v":1391.0,"Time":"2020-11-24T16:25:00Z","Interval":"5min","Figi":"BBG000BKYDP9"}
{"o":31.35,"c":31.3,"h":31.36,"l":31.3,"v":1491.0,"Time":"2020-11-24T16:25:00Z","Interval":"5min","Figi":"BBG000BKYDP9"}
{"o":31.35,"c":31.3,"h":31.36,"l":31.3,"v":1591.0,"Time":"2020-11-24T16:25:00Z","Interval":"5min","Figi":"BBG000BKYDP9"}
{"o":31.35,"c":31.3,"h":31.36,"l":31.3,"v":2053.0,"Time":"2020-11-24T16:25:00Z","Interval":"5min","Figi":"BBG000BKYDP9"}
{"o":31.35,"c":31.28,"h":31.36,"l":31.28,"v":2354.0,"Time":"2020-11-24T16:25:00Z","Interval":"5min","Figi":"BBG000BKYDP9"}
{"o":31.35,"c":31.29,"h":31.36,"l":31.28,"v":2790.0,"Time":"2020-11-24T16:25:00Z","Interval":"5min","Figi":"BBG000BKYDP9"}
{"o":31.35,"c":31.3,"h":31.36,"l":31.28,"v":2952.0,"Time":"2020-11-24T16:25:00Z","Interval":"5min","Figi":"BBG000BKYDP9"}
{"o":31.35,"c":31.3,"h":31.36,"l":31.28,"v":2954.0,"Time":"2020-11-24T16:25:00Z","Interval":"5min","Figi":"BBG000BKYDP9"}
{"o":31.35,"c":31.3,"h":31.36,"l":31.28,"v":2960.0,"Time":"2020-11-24T16:25:00Z","Interval":"5min","Figi":"BBG000BKYDP9"}
{"o":31.35,"c":31.31,"h":31.36,"l":31.28,"v":2961.0,"Time":"2020-11-24T16:25:00Z","Interval":"5min","Figi":"BBG000BKYDP9"}
{"o":31.35,"c":31.31,"h":31.36,"l":31.28,"v":2968.0,"Time":"2020-11-24T16:25:00Z","Interval":"5min","Figi":"BBG000BKYDP9"}
{"o":31.35,"c":31.32,"h":31.36,"l":31.28,"v":2979.0,"Time":"2020-11-24T16:25:00Z","Interval":"5min","Figi":"BBG000BKYDP9"}
{"o":31.35,"c":31.32,"h":31.36,"l":31.28,"v":2980.0,"Time":"2020-11-24T16:25:00Z","Interval":"5min","Figi":"BBG000BKYDP9"}
{"o":31.35,"c":31.33,"h":31.36,"l":31.28,"v":3080.0,"Time":"2020-11-24T16:25:00Z","Interval":"5min","Figi":"BBG000BKYDP9"}
{"o":31.35,"c":31.33,"h":31.36,"l":31.28,"v":3180.0,"Time":"2020-11-24T16:25:00Z","Interval":"5min","Figi":"BBG000BKYDP9"}
{"o":31.35,"c":31.33,"h":31.36,"l":31.28,"v":3280.0,"Time":"2020-11-24T16:25:00Z","Interval":"5min","Figi":"BBG000BKYDP9"}
{"o":31.35,"c":31.33,"h":31.36,"l":31.28,"v":3480.0,"Time":"2020-11-24T16:25:00Z","Interval":"5min","Figi":"BBG000BKYDP9"}
{"o":31.35,"c":31.33,"h":31.36,"l":31.28,"v":3481.0,"Time":"2020-11-24T16:25:00Z","Interval":"5min","Figi":"BBG000BKYDP9"}
{"o":31.35,"c":31.33,"h":31.36,"l":31.28,"v":3481.0,"Time":"2020-11-24T16:25:00Z","Interval":"5min","Figi":"BBG000BKYDP9"}
{"o":31.35,"c":31.33,"h":31.36,"l":31.28,"v":3615.0,"Time":"2020-11-24T16:25:00Z","Interval":"5min","Figi":"BBG000BKYDP9"}
{"o":31.35,"c":31.33,"h":31.36,"l":31.28,"v":3917.0,"Time":"2020-11-24T16:25:00Z","Interval":"5min","Figi":"BBG000BKYDP9"}
{"o":31.35,"c":31.33,"h":31.36,"l":31.28,"v":3918.0,"Time":"2020-11-24T16:25:00Z","Interval":"5min","Figi":"BBG000BKYDP9"}
{"o":31.35,"c":31.34,"h":31.36,"l":31.28,"v":4164.0,"Time":"2020-11-24T16:25:00Z","Interval":"5min","Figi":"BBG000BKYDP9"}
{"o":31.35,"c":31.34,"h":31.36,"l":31.28,"v":4465.0,"Time":"2020-11-24T16:25:00Z","Interval":"5min","Figi":"BBG000BKYDP9"}
{"o":31.35,"c":31.35,"h":31.36,"l":31.28,"v":4565.0,"Time":"2020-11-24T16:25:00Z","Interval":"5min","Figi":"BBG000BKYDP9"}
{"o":31.35,"c":31.35,"h":31.36,"l":31.28,"v":4643.0,"Time":"2020-11-24T16:25:00Z","Interval":"5min","Figi":"BBG000BKYDP9"}
{"o":31.35,"c":31.35,"h":31.36,"l":31.28,"v":4948.0,"Time":"2020-11-24T16:25:00Z","Interval":"5min","Figi":"BBG000BKYDP9"}
{"o":31.35,"c":31.34,"h":31.36,"l":31.28,"v":5048.0,"Time":"2020-11-24T16:25:00Z","Interval":"5min","Figi":"BBG000BKYDP9"}
{"o":31.35,"c":31.35,"h":31.35,"l":31.35,"v":296.0,"Time":"2020-11-24T16:30:00Z","Interval":"5min","Figi":"BBG000BKYDP9"}
{"o":31.35,"c":31.35,"h":31.35,"l":31.35,"v":301.0,"Time":"2020-11-24T16:30:00Z","Interval":"5min","Figi":"BBG000BKYDP9"}
{"o":31.35,"c":31.36,"h":31.36,"l":31.35,"v":302.0,"Time":"2020-11-24T16:30:00Z","Interval":"5min","Figi":"BBG000BKYDP9"}
{"o":31.35,"c":31.36,"h":31.36,"l":31.35,"v":309.0,"Time":"2020-11-24T16:30:00Z","Interval":"5min","Figi":"BBG000BKYDP9"}
{"o":31.35,"c":31.36,"h":31.36,"l":31.35,"v":491.0,"Time":"2020-11-24T16:30:00Z","Interval":"5min","Figi":"BBG000BKYDP9"}
{"o":31.35,"c":31.35,"h":31.36,"l":31.35,"v":611.0,"Time":"2020-11-24T16:30:00Z","Interval":"5min","Figi":"BBG000BKYDP9"}
{"o":31.35,"c":31.34,"h":31.36,"l":31.34,"v":630.0,"Time":"2020-11-24T16:30:00Z","Interval":"5min","Figi":"BBG000BKYDP9"}
{"o":31.35,"c":31.34,"h":31.36,"l":31.34,"v":712.0,"Time":"2020-11-24T16:30:00Z","Interval":"5min","Figi":"BBG000BKYDP9"}
{"o":31.35,"c":31.34,"h":31.36,"l":31.34,"v":1022.0,"Time":"2020-11-24T16:30:00Z","Interval":"5min","Figi":"BBG000BKYDP9"}
{"o":31.35,"c":31.34,"h":31.36,"l":31.34,"v":1023.0,"Time":"2020-11-24T16:30:00Z","Interval":"5min","Figi":"BBG000BKYDP9"}
{"o":31.35,"c":31.35,"h":31.36,"l":31.34,"v":1323.0,"Time":"2020-11-24T16:30:00Z","Interval":"5min","Figi":"BBG000BKYDP9"}
{"o":31.35,"c":31.34,"h":31.36,"l":31.34,"v":1623.0,"Time":"2020-11-24T16:30:00Z","Interval":"5min","Figi":"BBG000BKYDP9"}
{"o":31.35,"c":31.33,"h":31.36,"l":31.33,"v":1924.0,"Time":"2020-11-24T16:30:00Z","Interval":"5min","Figi":"BBG000BKYDP9"}
{"o":31.35,"c":31.32,"h":31.36,"l":31.32,"v":2004.0,"Time":"2020-11-24T16:30:00Z","Interval":"5min","Figi":"BBG000BKYDP9"}
{"o":31.35,"c":31.31,"h":31.36,"l":31.31,"v":2054.0,"Time":"2020-11-24T16:30:00Z","Interval":"5min","Figi":"BBG000BKYDP9"}
{"o":31.35,"c":31.29,"h":31.36,"l":31.29,"v":2155.0,"Time":"2020-11-24T16:30:00Z","Interval":"5min","Figi":"BBG000BKYDP9"}
{"o":31.35,"c":31.3,"h":31.36,"l":31.29,"v":2624.0,"Time":"2020-11-24T16:30:00Z","Interval":"5min","Figi":"BBG000BKYDP9"}
{"o":31.35,"c":31.3,"h":31.36,"l":31.29,"v":2829.0,"Time":"2020-11-24T16:30:00Z","Interval":"5min","Figi":"BBG000BKYDP9"}
{"o":31.35,"c":31.29,"h":31.36,"l":31.29,"v":2833.0,"Time":"2020-11-24T16:30:00Z","Interval":"5min","Figi":"BBG000BKYDP9"}
{"o":31.35,"c":31.28,"h":31.36,"l":31.28,"v":3033.0,"Time":"2020-11-24T16:30:00Z","Interval":"5min","Figi":"BBG000BKYDP9"}
{"o":31.35,"c":31.29,"h":31.36,"l":31.28,"v":3143.0,"Time":"2020-11-24T16:30:00Z","Interval":"5min","Figi":"BBG000BKYDP9"}
{"o":31.35,"c":31.29,"h":31.36,"l":31.28,"v":3719.0,"Time":"2020-11-24T16:30:00Z","Interval":"5min","Figi":"BBG000BKYDP9"}
{"o":31.35,"c":31.28,"h":31.36,"l":31.28,"v":3819.0,"Time":"2020-11-24T16:30:00Z","Interval":"5min","Figi":"BBG000BKYDP9"}
{"o":31.35,"c":31.29,"h":31.36,"l":31.28,"v":3919.0,"Time":"2020-11-24T16:30:00Z","Interval":"5min","Figi":"BBG000BKYDP9"}
{"o":31.35,"c":31.3,"h":31.36,"l":31.28,"v":4722.0,"Time":"2020-11-24T16:30:00Z","Interval":"5min","Figi":"BBG000BKYDP9"}
{"o":31.35,"c":31.3,"h":31.36,"l":31.28,"v":4889.0,"Time":"2020-11-24T16:30:00Z","Interval":"5min","Figi":"BBG000BKYDP9"}
{"o":31.35,"c":31.3,"h":31.36,"l":31.28,"v":5389.0,"Time":"2020-11-24T16:30:00Z","Interval":"5min","Figi":"BBG000BKYDP9"}
{"o":31.35,"c":31.3,"h":31.36,"l":31.28,"v":5590.0,"Time":"2020-11-24T16:30:00Z","Interval":"5min","Figi":"BBG000BKYDP9"}
{"o":31.35,"c":31.31,"h":31.36,"l":31.28,"v":5690.0,"Time":"2020-11-24T16:30:00Z","Interval":"5min","Figi":"BBG000BKYDP9"}
{"o":31.35,"c":31.31,"h":31.36,"l":31.28,"v":5751.0,"Time":"2020-11-24T16:30:00Z","Interval":"5min","Figi":"BBG000BKYDP9"}
{"o":31.35,"c":31.31,"h":31.36,"l":31.28,"v":5890.0,"Time":"2020-11-24T16:30:00Z","Interval":"5min","Figi":"BBG000BKYDP9"}
{"o":31.35,"c":31.31,"h":31.36,"l":31.28,"v":5990.0,"Time":"2020-11-24T16:30:00Z","Interval":"5min","Figi":"BBG000BKYDP9"}
{"o":31.35,"c":31.32,"h":31.36,"l":31.28,"v":6091.0,"Time":"2020-11-24T16:30:00Z","Interval":"5min","Figi":"BBG000BKYDP9"}
{"o":31.35,"c":31.32,"h":31.36,"l":31.28,"v":6191.0,"Time":"2020-11-24T16:30:00Z","Interval":"5min","Figi":"BBG000BKYDP9"}
{"o":31.35,"c":31.32,"h":31.36,"l":31.28,"v":6782.0,"Time":"2020-11-24T16:30:00Z","Interval":"5min","Figi":"BBG000BKYDP9"}
{"o":31.35,"c":31.32,"h":31.36,"l":31.28,"v":6783.0,"Time":"2020-11-24T16:30:00Z","Interval":"5min","Figi":"BBG000BKYDP9"}
{"o":31.35,"c":31.33,"h":31.36,"l":31.28,"v":6792.0,"Time":"2020-11-24T16:30:00Z","Interval":"5min","Figi":"BBG000BKYDP9"}
{"o":31.35,"c":31.33,"h":31.36,"l":31.28,"v":6914.0,"Time":"2020-11-24T16:30:00Z","Interval":"5min","Figi":"BBG000BKYDP9"}
{"o":31.35,"c":31.33,"h":31.36,"l":31.28,"v":6948.0,"Time":"2020-11-24T16:30:00Z","Interval":"5min","Figi":"BBG000BKYDP9"}
{"o":31.35,"c":31.33,"h":31.36,"l":31.28,"v":7348.0,"Time":"2020-11-24T16:30:00Z","Interval":"5min","Figi":"BBG000BKYDP9"}
{"o":31.35,"c":31.33,"h":31.36,"l":31.28,"v":7350.0,"Time":"2020-11-24T16:30:00Z","Interval":"5min","Figi":"BBG000BKYDP9"}
{"o":31.35,"c":31.33,"h":31.36,"l":31.28,"v":7450.0,"Time":"2020-11-24T16:30:00Z","Interval":"5min","Figi":"BBG000BKYDP9"}
{"o":31.35,"c":31.33,"h":31.36,"l":31.28,"v":7550.0,"Time":"2020-11-24T16:30:00Z","Interval":"5min","Figi":"BBG000BKYDP9"}
{"o":31.35,"c":31.33,"h":31.36,"l":31.28,"v":7597.0,"Time":"2020-11-24T16:30:00Z","Interval":"5min","Figi":"BBG000BKYDP9"}
{"o":31.35,"c":31.33,"h":31.36,"l":31.28,"v":7650.0,"Time":"2020-11-24T16:30:00Z","Interval":"5min","Figi":"BBG000BKYDP9"}
{"o":31.35,"c":31.33,"h":31.36,"l":31.28,"v":7697.0,"Time":"2020-11-24T16:30:00Z","Interval":"5min","Figi":"BBG000BKYDP9"}
{"o":31.35,"c":31.33,"h":31.36,"l":31.28,"v":7832.0,"Time":"2020-11-24T16:30:00Z","Interval":"5min","Figi":"BBG000BKYDP9"}
{"o":31.35,"c":31.33,"h":31.36,"l":31.28,"v":7932.0,"Time":"2020-11-24T16:30:00Z","Interval":"5min","Figi":"BBG000BKYDP9"}
{"o":31.35,"c":31.32,"h":31.36,"l":31.28,"v":8032.0,"Time":"2020-11-24T16:30:00Z","Interval":"5min","Figi":"BBG000BKYDP9"}
{"o":31.35,"c":31.32,"h":31.36,"l":31.28,"v":8132.0,"Time":"2020-11-24T16:30:00Z","Interval":"5min","Figi":"BBG000BKYDP9"}
{"o":31.35,"c":31.32,"h":31.36,"l":31.28,"v":8136.0,"Time":"2020-11-24T16:30:00Z","Interval":"5min","Figi":"BBG000BKYDP9"}
{"o":31.35,"c":31.32,"h":31.36,"l":31.28,"v":8271.0,"Time":"2020-11-24T16:30:00Z","Interval":"5min","Figi":"BBG000BKYDP9"}
{"o":31.35,"c":31.32,"h":31.36,"l":31.28,"v":8272.0,"Time":"2020-11-24T16:30:00Z","Interval":"5min","Figi":"BBG000BKYDP9"}
{"o":31.35,"c":31.33,"h":31.36,"l":31.28,"v":8503.0,"Time":"2020-11-24T16:30:00Z","Interval":"5min","Figi":"BBG000BKYDP9"}
{"o":31.35,"c":31.34,"h":31.36,"l":31.28,"v":8505.0,"Time":"2020-11-24T16:30:00Z","Interval":"5min","Figi":"BBG000BKYDP9"}
{"o":31.35,"c":31.34,"h":31.36,"l":31.28,"v":8605.0,"Time":"2020-11-24T16:30:00Z","Interval":"5min","Figi":"BBG000BKYDP9"}
{"o":31.35,"c":31.34,"h":31.36,"l":31.28,"v":8705.0,"Time":"2020-11-24T16:30:00Z","Interval":"5min","Figi":"BBG000BKYDP9"}
{"o":31.35,"c":31.34,"h":31.36,"l":31.28,"v":8805.0,"Time":"2020-11-24T16:30:00Z","Interval":"5min","Figi":"BBG000BKYDP9"}
{"o":31.35,"c":31.33,"h":31.36,"l":31.28,"v":8835.0,"Time":"2020-11-24T16:30:00Z","Interval":"5min","Figi":"BBG000BKYDP9"}
{"o":31.35,"c":31.33,"h":31.36,"l":31.28,"v":8935.0,"Time":"2020-11-24T16:30:00Z","Interval":"5min","Figi":"BBG000BKYDP9"}
{"o":31.35,"c":31.35,"h":31.36,"l":31.28,"v":8943.0,"Time":"2020-11-24T16:30:00Z","Interval":"5min","Figi":"BBG000BKYDP9"}
{"o":31.36,"c":31.36,"h":31.36,"l":31.36,"v":105.0,"Time":"2020-11-24T16:35:00Z","Interval":"5min","Figi":"BBG000BKYDP9"}
{"o":31.36,"c":31.36,"h":31.36,"l":31.36,"v":384.0,"Time":"2020-11-24T16:35:00Z","Interval":"5min","Figi":"BBG000BKYDP9"}
{"o":31.36,"c":31.36,"h":31.36,"l":31.36,"v":984.0,"Time":"2020-11-24T16:35:00Z","Interval":"5min","Figi":"BBG000BKYDP9"}
{"o":31.36,"c":31.36,"h":31.36,"l":31.36,"v":1066.0,"Time":"2020-11-24T16:35:00Z","Interval":"5min","Figi":"BBG000BKYDP9"}
{"o":31.36,"c":31.36,"h":31.36,"l":31.36,"v":1066.0,"Time":"2020-11-24T16:35:00Z","Interval":"5min","Figi":"BBG000BKYDP9"}
{"o":31.36,"c":31.36,"h":31.36,"l":31.36,"v":1166.0,"Time":"2020-11-24T16:35:00Z","Interval":"5min","Figi":"BBG000BKYDP9"}
{"o":31.36,"c":31.37,"h":31.37,"l":31.36,"v":1468.0,"Time":"2020-11-24T16:35:00Z","Interval":"5min","Figi":"BBG000BKYDP9"}
{"o":31.36,"c":31.39,"h":31.39,"l":31.36,"v":1543.0,"Time":"2020-11-24T16:35:00Z","Interval":"5min","Figi":"BBG000BKYDP9"}
{"o":31.36,"c":31.39,"h":31.39,"l":31.36,"v":1569.0,"Time":"2020-11-24T16:35:00Z","Interval":"5min","Figi":"BBG000BKYDP9"}
{"o":31.36,"c":31.41,"h":31.41,"l":31.36,"v":1671.0,"Time":"2020-11-24T16:35:00Z","Interval":"5min","Figi":"BBG000BKYDP9"}
{"o":31.36,"c":31.42,"h":31.42,"l":31.36,"v":1673.0,"Time":"2020-11-24T16:35:00Z","Interval":"5min","Figi":"BBG000BKYDP9"}
{"o":31.36,"c":31.43,"h":31.43,"l":31.36,"v":1993.0,"Time":"2020-11-24T16:35:00Z","Interval":"5min","Figi":"BBG000BKYDP9"}
{"o":31.36,"c":31.42,"h":31.43,"l":31.36,"v":2487.0,"Time":"2020-11-24T16:35:00Z","Interval":"5min","Figi":"BBG000BKYDP9"}
{"o":31.36,"c":31.42,"h":31.43,"l":31.36,"v":2869.0,"Time":"2020-11-24T16:35:00Z","Interval":"5min","Figi":"BBG000BKYDP9"}
{"o":31.36,"c":31.42,"h":31.43,"l":31.36,"v":3169.0,"Time":"2020-11-24T16:35:00Z","Interval":"5min","Figi":"BBG000BKYDP9"}
{"o":31.36,"c":31.42,"h":31.43,"l":31.36,"v":3170.0,"Time":"2020-11-24T16:35:00Z","Interval":"5min","Figi":"BBG000BKYDP9"}
{"o":31.36,"c":31.44,"h":31.44,"l":31.36,"v":3402.0,"Time":"2020-11-24T16:35:00Z","Interval":"5min","Figi":"BBG000BKYDP9"}
{"o":31.36,"c":31.44,"h":31.44,"l":31.36,"v":3502.0,"Time":"2020-11-24T16:35:00Z","Interval":"5min","Figi":"BBG000BKYDP9"}
{"o":31.36,"c":31.44,"h":31.44,"l":31.36,"v":3907.0,"Time":"2020-11-24T16:35:00Z","Interval":"5min","Figi":"BBG000BKYDP9"}
{"o":31.36,"c":31.44,"h":31.44,"l":31.36,"v":4207.0,"Time":"2020-11-24T16:35:00Z","Interval":"5min","Figi":"BBG000BKYDP9"}
{"o":31.36,"c":31.42,"h":31.44,"l":31.36,"v":4448.0,"Time":"2020-11-24T16:35:00Z","Interval":"5min","Figi":"BBG000BKYDP9"}
{"o":31.36,"c":31.42,"h":31.44,"l":31.36,"v":4922.0,"Time":"2020-11-24T16:35:00Z","Interval":"5min","Figi":"BBG000BKYDP9"}
{"o":31.36,"c":31.42,"h":31.44,"l":31.36,"v":5022.0,"Time":"2020-11-24T16:35:00Z","Interval":"5min","Figi":"BBG000BKYDP9"}
{"o":31.36,"c":31.42,"h":31.44,"l":31.36,"v":5122.0,"Time":"2020-11-24T16:35:00Z","Interval":"5min","Figi":"BBG000BKYDP9"}
{"o":31.36,"c":31.41,"h":31.44,"l":31.36,"v":5126.0,"Time":"2020-11-24T16:35:00Z","Interval":"5min","Figi":"BBG000BKYDP9"}
{"o":31.36,"c":31.41,"h":31.44,"l":31.36,"v":5126.0,"Time":"2020-11-24T16:35:00Z","Interval":"5min","Figi":"BBG000BKYDP9"}
{"o":31.36,"c":31.41,"h":31.44,"l":31.36,"v":5327.0,"Time":"2020-11-24T16:35:00Z","Interval":"5min","Figi":"BBG000BKYDP9"}
{"o":31.36,"c":31.41,"h":31.44,"l":31.36,"v":5527.0,"Time":"2020-11-24T16:35:00Z","Interval":"5min","Figi":"BBG000BKYDP9"}
{"o":31.36,"c":31.42,"h":31.44,"l":31.36,"v":5613.0,"Time":"2020-11-24T16:35:00Z","Interval":"5min","Figi":"BBG000BKYDP9"}
{"o":31.36,"c":31.41,"h":31.44,"l":31.36,"v":5944.0,"Time":"2020-11-24T16:35:00Z","Interval":"5min","Figi":"BBG000BKYDP9"}
{"o":31.36,"c":31.4,"h":31.44,"l":31.36,"v":5954.0,"Time":"2020-11-24T16:35:00Z","Interval":"5min","Figi":"BBG000BKYDP9"}
{"o":31.36,"c":31.4,"h":31.44,"l":31.36,"v":6134.0,"Time":"2020-11-24T16:35:00Z","Interval":"5min","Figi":"BBG000BKYDP9"}
{"o":31.36,"c":31.4,"h":31.44,"l":31.36,"v":6175.0,"Time":"2020-11-24T16:35:00Z","Interval":"5min","Figi":"BBG000BKYDP9"}
{"o":31.36,"c":31.39,"h":31.44,"l":31.36,"v":6285.0,"Time":"2020-11-24T16:35:00Z","Interval":"5min","Figi":"BBG000BKYDP9"}
{"o":31.36,"c":31.38,"h":31.44,"l":31.36,"v":6290.0,"Time":"2020-11-24T16:35:00Z","Interval":"5min","Figi":"BBG000BKYDP9"}
{"o":31.36,"c":31.37,"h":31.44,"l":31.36,"v":6390.0,"Time":"2020-11-24T16:35:00Z","Interval":"5min","Figi":"BBG000BKYDP9"}
{"o":31.36,"c":31.37,"h":31.44,"l":31.36,"v":6575.0,"Time":"2020-11-24T16:35:00Z","Interval":"5min","Figi":"BBG000BKYDP9"}
{"o":31.36,"c":31.37,"h":31.44,"l":31.36,"v":6775.0,"Time":"2020-11-24T16:35:00Z","Interval":"5min","Figi":"BBG000BKYDP9"}
{"o":31.36,"c":31.37,"h":31.44,"l":31.36,"v":7175.0,"Time":"2020-11-24T16:35:00Z","Interval":"5min","Figi":"BBG000BKYDP9"}
{"o":31.36,"c":31.37,"h":31.44,"l":31.36,"v":7794.0,"Time":"2020-11-24T16:35:00Z","Interval":"5min","Figi":"BBG000BKYDP9"}
{"o":31.36,"c":31.37,"h":31.44,"l":31.36,"v":8517.0,"Time":"2020-11-24T16:35:00Z","Interval":"5min","Figi":"BBG000BKYDP9"}
{"o":31.36,"c":31.36,"h":31.44,"l":31.36,"v":8908.0,"Time":"2020-11-24T16:35:00Z","Interval":"5min","Figi":"BBG000BKYDP9"}
{"o":31.36,"c":31.35,"h":31.44,"l":31.35,"v":8909.0,"Time":"2020-11-24T16:35:00Z","Interval":"5min","Figi":"BBG000BKYDP9"}
{"o":31.36,"c":31.35,"h":31.44,"l":31.35,"v":9009.0,"Time":"2020-11-24T16:35:00Z","Interval":"5min","Figi":"BBG000BKYDP9"}
{"o":31.36,"c":31.35,"h":31.44,"l":31.35,"v":9608.0,"Time":"2020-11-24T16:35:00Z","Interval":"5min","Figi":"BBG000BKYDP9"}
{"o":31.36,"c":31.34,"h":31.44,"l":31.34,"v":9708.0,"Time":"2020-11-24T16:35:00Z","Interval":"5min","Figi":"BBG000BKYDP9"}
{"o":31.36,"c":31.34,"h":31.44,"l":31.34,"v":10338.0,"Time":"2020-11-24T16:35:00Z","Interval":"5min","Figi":"BBG000BKYDP9"}
{"o":31.36,"c":31.34,"h":31.44,"l":31.34,"v":10738.0,"Time":"2020-11-24T16:35:00Z","Interval":"5min","Figi":"BBG000BKYDP9"}
{"o":31.36,"c":31.34,"h":31.44,"l":31.34,"v":10882.0,"Time":"2020-11-24T16:35:00Z","Interval":"5min","Figi":"BBG000BKYDP9"}
{"o":31.36,"c":31.34,"h":31.44,"l":31.34,"v":11825.0,"Time":"2020-11-24T16:35:00Z","Interval":"5min","Figi":"BBG000BKYDP9"}
{"o":31.36,"c":31.34,"h":31.44,"l":31.34,"v":11925.0,"Time":"2020-11-24T16:35:00Z","Interval":"5min","Figi":"BBG000BKYDP9"}
{"o":31.33,"c":31.33,"h":31.33,"l":31.33,"v":381.0,"Time":"2020-11-24T16:40:00Z","Interval":"5min","Figi":"BBG000BKYDP9"}
{"o":31.33,"c":31.32,"h":31.33,"l":31.32,"v":385.0,"Time":"2020-11-24T16:40:00Z","Interval":"5min","Figi":"BBG000BKYDP9"}
{"o":31.33,"c":31.32,"h":31.33,"l":31.32,"v":487.0,"Time":"2020-11-24T16:40:00Z","Interval":"5min","Figi":"BBG000BKYDP9"}
{"o":31.33,"c":31.32,"h":31.33,"l":31.32,"v":687.0,"Time":"2020-11-24T16:40:00Z","Interval":"5min","Figi":"BBG000BKYDP9"}
{"o":31.33,"c":31.32,"h":31.33,"l":31.32,"v":1024.0,"Time":"2020-11-24T16:40:00Z","Interval":"5min","Figi":"BBG000BKYDP9"}
{"o":31.33,"c":31.31,"h":31.33,"l":31.31,"v":1424.0,"Time":"2020-11-24T16:40:00Z","Interval":"5min","Figi":"BBG000BKYDP9"}
{"o":31.33,"c":31.31,"h":31.33,"l":31.31,"v":1425.0,"Time":"2020-11-24T16:40:00Z","Interval":"5min","Figi":"BBG000BKYDP9"}
{"o":31.33,"c":31.31,"h":31.33,"l":31.31,"v":1525.0,"Time":"2020-11-24T16:40:00Z","Interval":"5min","Figi":"BBG000BKYDP9"}
{"o":31.33,"c":31.32,"h":31.33,"l":31.31,"v":1624.0,"Time":"2020-11-24T16:40:00Z","Interval":"5min","Figi":"BBG000BKYDP9"}
{"o":31.33,"c":31.32,"h":31.33,"l":31.31,"v":1625.0,"Time":"2020-11-24T16:40:00Z","Interval":"5min","Figi":"BBG000BKYDP9"}
{"o":31.33,"c":31.32,"h":31.33,"l":31.31,"v":1724.0,"Time":"2020-11-24T16:40:00Z","Interval":"5min","Figi":"BBG000BKYDP9"}
{"o":31.33,"c":31.32,"h":31.33,"l":31.31,"v":1824.0,"Time":"2020-11-24T16:40:00Z","Interval":"5min","Figi":"BBG000BKYDP9"}
{"o":31.33,"c":31.32,"h":31.33,"l":31.31,"v":2332.0,"Time":"2020-11-24T16:40:00Z","Interval":"5min","Figi":"BBG000BKYDP9"}
{"o":31.33,"c":31.32,"h":31.33,"l":31.31,"v":2736.0,"Time":"2020-11-24T16:40:00Z","Interval":"5min","Figi":"BBG000BKYDP9"}
{"o":31.33,"c":31.32,"h":31.33,"l":31.31,"v":2836.0,"Time":"2020-11-24T16:40:00Z","Interval":"5min","Figi":"BBG000BKYDP9"}
{"o":31.33,"c":31.32,"h":31.33,"l":31.31,"v":2936.0,"Time":"2020-11-24T16:40:00Z","Interval":"5min","Figi":"BBG000BKYDP9"}
{"o":31.33,"c":31.31,"h":31.33,"l":31.31,"v":2941.0,"Time":"2020-11-24T16:40:00Z","Interval":"5min","Figi":"BBG000BKYDP9"}
{"o":31.33,"c":31.3,"h":31.33,"l":31.3,"v":3223.0,"Time":"2020-11-24T16:40:00Z","Interval":"5min","Figi":"BBG000BKYDP9"}
{"o":31.33,"c":31.3,"h":31.33,"l":31.3,"v":3230.0,"Time":"2020-11-24T16:40:00Z","Interval":"5min","Figi":"BBG000BKYDP9"}
{"o":31.33,"c":31.3,"h":31.33,"l":31.3,"v":3251.0,"Time":"2020-11-24T16:40:00Z","Interval":"5min","Figi":"BBG000BKYDP9"}
{"o":31.33,"c":31.3,"h":31.33,"l":31.3,"v":3256.0,"Time":"2020-11-24T16:40:00Z","Interval":"5min","Figi":"BBG000BKYDP9"}
{"o":31.33,"c":31.3,"h":31.33,"l":31.3,"v":3257.0,"Time":"2020-11-24T16:40:00Z","Interval":"5min","Figi":"BBG000BKYDP9"}
{"o":31.33,"c":31.31,"h":31.33,"l":31.3,"v":3357.0,"Time":"2020-11-24T16:40:00Z","Interval":"5min","Figi":"BBG000BKYDP9"}
{"o":31.33,"c":31.31,"h":31.33,"l":31.3,"v":3457.0,"Time":"2020-11-24T16:40:00Z","Interval":"5min","Figi":"BBG000BKYDP9"}
{"o":31.33,"c":31.31,"h":31.33,"l":31.3,"v":3857.0,"Time":"2020-11-24T16:40:00Z","Interval":"5min","Figi":"BBG000BKYDP9"}
{"o":31.33,"c":31.31,"h":31.33,"l":31.3,"v":3957.0,"Time":"2020-11-24T16:40:00Z","Interval":"5min","Figi":"BBG000BKYDP9"}
{"o":31.33,"c":31.32,"h":31.33,"l":31.3,"v":3963.0,"Time":"2020-11-24T16:40:00Z","Interval":"5min","Figi":"BBG000BKYDP9"}
{"o":31.33,"c":31.29,"h":31.33,"l":31.29,"v":3975.0,"Time":"2020-11-24T16:40:00Z","Interval":"5min","Figi":"BBG000BKYDP9"}
{"o":31.33,"c":31.29,"h":31.33,"l":31.29,"v":3976.0,"Time":"2020-11-24T16:40:00Z","Interval":"5min","Figi":"BBG000BKYDP9"}
{"o":31.33,"c":31.3,"h":31.33,"l":31.29,"v":4076.0,"Time":"2020-11-24T16:40:00Z","Interval":"5min","Figi":"BBG000BKYDP9"}
{"o":31.33,"c":31.28,"h":31.33,"l":31.28,"v":4176.0,"Time":"2020-11-24T16:40:00Z","Interval":"5min","Figi":"BBG000BKYDP9"}
{"o":31.33,"c":31.28,"h":31.33,"l":31.28,"v":4226.0,"Time":"2020-11-24T16:40:00Z","Interval":"5min","Figi":"BBG000BKYDP9"}
{"o":31.33,"c":31.27,"h":31.33,"l":31.27,"v":4426.0,"Time":"2020-11-24T16:40:00Z","Interval":"5min","Figi":"BBG000BKYDP9"}
{"o":31.33,"c":31.28,"h":31.33,"l":31.27,"v":4526.0,"Time":"2020-11-24T16:40:00Z","Interval":"5min","Figi":"BBG000BKYDP9"}
{"o":31.33,"c":31.28,"h":31.33,"l":31.27,"v":4626.0,"Time":"2020-11-24T16:40:00Z","Interval":"5min","Figi":"BBG000BKYDP9"}
{"o":31.33,"c":31.28,"h":31.33,"l":31.27,"v":4726.0,"Time":"2020-11-24T16:40:00Z","Interval":"5min","Figi":"BBG000BKYDP9"}
{"o":31.33,"c":31.28,"h":31.33,"l":31.27,"v":4826.0,"Time":"2020-11-24T16:40:00Z","Interval":"5min","Figi":"BBG000BKYDP9"}
{"o":31.33,"c":31.28,"h":31.33,"l":31.27,"v":4926.0,"Time":"2020-11-24T16:40:00Z","Interval":"5min","Figi":"BBG000BKYDP9"}
{"o":31.33,"c":31.27,"h":31.33,"l":31.27,"v":4933.0,"Time":"2020-11-24T16:40:00Z","Interval":"5min","Figi":"BBG000BKYDP9"}
{"o":31.33,"c":31.27,"h":31.33,"l":31.27,"v":5033.0,"Time":"2020-11-24T16:40:00Z","Interval":"5min","Figi":"BBG000BKYDP9"}
{"o":31.33,"c":31.27,"h":31.33,"l":31.27,"v":5133.0,"Time":"2020-11-24T16:40:00Z","Interval":"5min","Figi":"BBG000BKYDP9"}
{"o":31.33,"c":31.27,"h":31.33,"l":31.27,"v":5232.0,"Time":"2020-11-24T16:40:00Z","Interval":"5min","Figi":"BBG000BKYDP9"}
{"o":31.33,"c":31.27,"h":31.33,"l":31.27,"v":5233.0,"Time":"2020-11-24T16:40:00Z","Interval":"5min","Figi":"BBG000BKYDP9"}
{"o":31.33,"c":31.27,"h":31.33,"l":31.27,"v":5234.0,"Time":"2020-11-24T16:40:00Z","Interval":"5min","Figi":"BBG000BKYDP9"}
{"o":31.33,"c":31.27,"h":31.33,"l":31.27,"v":5240.0,"Time":"2020-11-24T16:40:00Z","Interval":"5min","Figi":"BBG000BKYDP9"}
{"o":31.33,"c":31.27,"h":31.33,"l":31.27,"v":5241.0,"Time":"2020-11-24T16:40:00Z","Interval":"5min","Figi":"BBG000BKYDP9"}
{"o":31.33,"c":31.27,"h":31.33,"l":31.27,"v":5275.0,"Time":"2020-11-24T16:40:00Z","Interval":"5min","Figi":"BBG000BKYDP9"}
{"o":31.33,"c":31.28,"h":31.33,"l":31.27,"v":5575.0,"Time":"2020-11-24T16:40:00Z","Interval":"5min","Figi":"BBG000BKYDP9"}
{"o":31.33,"c":31.28,"h":31.33,"l":31.27,"v":5675.0,"Time":"2020-11-24T16:40:00Z","Interval":"5min","Figi":"BBG000BKYDP9"}
{"o":31.33,"c":31.28,"h":31.33,"l":31.27,"v":5706.0,"Time":"2020-11-24T16:40:00Z","Interval":"5min","Figi":"BBG000BKYDP9"}
{"o":31.33,"c":31.29,"h":31.33,"l":31.27,"v":5708.0,"Time":"2020-11-24T16:40:00Z","Interval":"5min","Figi":"BBG000BKYDP9"}
{"o":31.33,"c":31.28,"h":31.33,"l":31.27,"v":6108.0,"Time":"2020-11-24T16:40:00Z","Interval":"5min","Figi":"BBG000BKYDP9"}
{"o":31.33,"c":31.25,"h":31.33,"l":31.25,"v":6191.0,"Time":"2020-11-24T16:40:00Z","Interval":"5min","Figi":"BBG000BKYDP9"}
{"o":31.33,"c":31.25,"h":31.33,"l":31.25,"v":6208.0,"Time":"2020-11-24T16:40:00Z","Interval":"5min","Figi":"BBG000BKYDP9"}
{"o":31.33,"c":31.26,"h":31.33,"l":31.25,"v":6233.0,"Time":"2020-11-24T16:40:00Z","Interval":"5min","Figi":"BBG000BKYDP9"}
{"o":31.33,"c":31.25,"h":31.33,"l":31.25,"v":6234.0,"Time":"2020-11-24T16:40:00Z","Interval":"5min","Figi":"BBG000BKYDP9"}
{"o":31.33,"c":31.25,"h":31.33,"l":31.25,"v":6234.0,"Time":"2020-11-24T16:40:00Z","Interval":"5min","Figi":"BBG000BKYDP9"}
{"o":31.33,"c":31.25,"h":31.33,"l":31.25,"v":6334.0,"Time":"2020-11-24T16:40:00Z","Interval":"5min","Figi":"BBG000BKYDP9"}
{"o":31.33,"c":31.25,"h":31.33,"l":31.25,"v":6536.0,"Time":"2020-11-24T16:40:00Z","Interval":"5min","Figi":"BBG000BKYDP9"}
{"o":31.33,"c":31.26,"h":31.33,"l":31.25,"v":6757.0,"Time":"2020-11-24T16:40:00Z","Interval":"5min","Figi":"BBG000BKYDP9"}
{"o":31.33,"c":31.26,"h":31.33,"l":31.25,"v":6787.0,"Time":"2020-11-24T16:40:00Z","Interval":"5min","Figi":"BBG000BKYDP9"}
{"o":31.33,"c":31.25,"h":31.33,"l":31.25,"v":6887.0,"Time":"2020-11-24T16:40:00Z","Interval":"5min","Figi":"BBG000BKYDP9"}
{"o":31.33,"c":31.26,"h":31.33,"l":31.25,"v":6957.0,"Time":"2020-11-24T16:40:00Z","Interval":"5min","Figi":"BBG000BKYDP9"}
{"o":31.33,"c":31.25,"h":31.33,"l":31.25,"v":7157.0,"Time":"2020-11-24T16:40:00Z","Interval":"5min","Figi":"BBG000BKYDP9"}
{"o":31.33,"c":31.24,"h":31.33,"l":31.24,"v":7323.0,"Time":"2020-11-24T16:40:00Z","Interval":"5min","Figi":"BBG000BKYDP9"}
{"o":31.33,"c":31.24,"h":31.33,"l":31.24,"v":7961.0,"Time":"2020-11-24T16:40:00Z","Interval":"5min","Figi":"BBG000BKYDP9"}
{"o":31.33,"c":31.24,"h":31.33,"l":31.24,"v":7964.0,"Time":"2020-11-24T16:40:00Z","Interval":"5min","Figi":"BBG000BKYDP9"}
{"o":31.24,"c":31.24,"h":31.24,"l":31.24,"v":200.0,"Time":"2020-11-24T16:45:00Z","Interval":"5min","Figi":"BBG000BKYDP9"}
{"o":31.24,"c":31.24,"h":31.24,"l":31.24,"v":680.0,"Time":"2020-11-24T16:45:00Z","Interval":"5min","Figi":"BBG000BKYDP9"}
{"o":31.24,"c":31.23,"h":31.24,"l":31.23,"v":884.0,"Time":"2020-11-24T16:45:00Z","Interval":"5min","Figi":"BBG000BKYDP9"}
{"o":31.24,"c":31.22,"h":31.24,"l":31.22,"v":1088.0,"Time":"2020-11-24T16:45:00Z","Interval":"5min","Figi":"BBG000BKYDP9"}
{"o":31.24,"c":31.22,"h":31.24,"l":31.22,"v":1088.0,"Time":"2020-11-24T16:45:00Z","Interval":"5min","Figi":"BBG000BKYDP9"}
{"o":31.24,"c":31.21,"h":31.24,"l":31.21,"v":1218.0,"Time":"2020-11-24T16:45:00Z","Interval":"5min","Figi":"BBG000BKYDP9"}
{"o":31.24,"c":31.18,"h":31.24,"l":31.18,"v":1222.0,"Time":"2020-11-24T16:45:00Z","Interval":"5min","Figi":"BBG000BKYDP9"}
{"o":31.24,"c":31.16,"h":31.24,"l":31.16,"v":1623.0,"Time":"2020-11-24T16:45:00Z","Interval":"5min","Figi":"BBG000BKYDP9"}
{"o":31.24,"c":31.16,"h":31.24,"l":31.16,"v":1654.0,"Time":"2020-11-24T16:45:00Z","Interval":"5min","Figi":"BBG000BKYDP9"}
{"o":31.24,"c":31.16,"h":31.24,"l":31.16,"v":1854.0,"Time":"2020-11-24T16:45:00Z","Interval":"5min","Figi":"BBG000BKYDP9"}
{"o":31.24,"c":31.16,"h":31.24,"l":31.16,"v":1954.0,"Time":"2020-11-24T16:45:00Z","Interval":"5min","Figi":"BBG000BKYDP9"}
{"o":31.24,"c":31.16,"h":31.24,"l":31.16,"v":2054.0,"Time":"2020-11-24T16:45:00Z","Interval":"5min","Figi":"BBG000BKYDP9"}
{"o":31.24,"c":31.16,"h":31.24,"l":31.16,"v":2154.0,"Time":"2020-11-24T16:45:00Z","Interval":"5min","Figi":"BBG000BKYDP9"}
{"o":31.24,"c":31.16,"h":31.24,"l":31.16,"v":2258.0,"Time":"2020-11-24T16:45:00Z","Interval":"5min","Figi":"BBG000BKYDP9"}
{"o":31.24,"c":31.17,"h":31.24,"l":31.16,"v":2389.0,"Time":"2020-11-24T16:45:00Z","Interval":"5min","Figi":"BBG000BKYDP9"}
{"o":31.24,"c":31.18,"h":31.24,"l":31.16,"v":2397.0,"Time":"2020-11-24T16:45:00Z","Interval":"5min","Figi":"BBG000BKYDP9"}
{"o":31.24,"c":31.17,"h":31.24,"l":31.16,"v":2502.0,"Time":"2020-11-24T16:45:00Z","Interval":"5min","Figi":"BBG000BKYDP9"}
{"o":31.24,"c":31.16,"h":31.24,"l":31.16,"v":2503.0,"Time":"2020-11-24T16:45:00Z","Interval":"5min","Figi":"BBG000BKYDP9"}
{"o":31.24,"c":31.16,"h":31.24,"l":31.16,"v":2505.0,"Time":"2020-11-24T16:45:00Z","Interval":"5min","Figi":"BBG000BKYDP9"}
{"o":31.24,"c":31.16,"h":31.24,"l":31.16,"v":2535.0,"Time":"2020-11-24T16:45:00Z","Interval":"5min","Figi":"BBG000BKYDP9"}
{"o":31.24,"c":31.16,"h":31.24,"l":31.16,"v":2844.0,"Time":"2020-11-24T16:45:00Z","Interval":"5min","Figi":"BBG000BKYDP9"}
{"o":31.24,"c":31.17,"h":31.24,"l":31.16,"v":2945.0,"Time":"2020-11-24T16:45:00Z","Interval":"5min","Figi":"BBG000BKYDP9"}
{"o":31.24,"c":31.18,"h":31.24,"l":31.16,"v":3172.0,"Time":"2020-11-24T16:45:00Z","Interval":"5min","Figi":"BBG000BKYDP9"}
{"o":31.24,"c":31.19,"h":31.24,"l":31.16,"v":3373.0,"Time":"2020-11-24T16:45:00Z","Interval":"5min","Figi":"BBG000BKYDP9"}
{"o":31.24,"c":31.2,"h":31.24,"l":31.16,"v":3507.0,"Time":"2020-11-24T16:45:00Z","Interval":"5min","Figi":"BBG000BKYDP9"}
{"o":31.24,"c":31.2,"h":31.24,"l":31.16,"v":3609.0,"Time":"2020-11-24T16:45:00Z","Interval":"5min","Figi":"BBG000BKYDP9"}
{"o":31.24,"c":31.23,"h":31.24,"l":31.16,"v":3774.0,"Time":"2020-11-24T16:45:00Z","Interval":"5min","Figi":"BBG000BKYDP9"}
{"o":31.24,"c":31.23,"h":31.24,"l":31.16,"v":3788.0,"Time":"2020-11-24T16:45:00Z","Interval":"5min","Figi":"BBG000BKYDP9"}
{"o":31.24,"c":31.23,"h":31.24,"l":31.16,"v":3874.0,"Time":"2020-11-24T16:45:00Z","Interval":"5min","Figi":"BBG000BKYDP9"}
{"o":31.24,"c":31.23,"h":31.24,"l":31.16,"v":4083.0,"Time":"2020-11-24T16:45:00Z","Interval":"5min","Figi":"BBG000BKYDP9"}
{"o":31.24,"c":31.23,"h":31.24,"l":31.16,"v":4512.0,"Time":"2020-11-24T16:45:00Z","Interval":"5min","Figi":"BBG000BKYDP9"}
{"o":31.24,"c":31.23,"h":31.24,"l":31.16,"v":4712.0,"Time":"2020-11-24T16:45:00Z","Interval":"5min","Figi":"BBG000BKYDP9"}
{"o":31.24,"c":31.23,"h":31.24,"l":31.16,"v":4747.0,"Time":"2020-11-24T16:45:00Z","Interval":"5min","Figi":"BBG000BKYDP9"}
{"o":31.24,"c":31.23,"h":31.24,"l":31.16,"v":4847.0,"Time":"2020-11-24T16:45:00Z","Interval":"5min","Figi":"BBG000BKYDP9"}
{"o":31.24,"c":31.24,"h":31.24,"l":31.16,"v":5147.0,"Time":"2020-11-24T16:45:00Z","Interval":"5min","Figi":"BBG000BKYDP9"}
{"o":31.24,"c":31.24,"h":31.24,"l":31.16,"v":5845.0,"Time":"2020-11-24T16:45:00Z","Interval":"5min","Figi":"BBG000BKYDP9"}
{"o":31.24,"c":31.25,"h":31.25,"l":31.16,"v":5877.0,"Time":"2020-11-24T16:45:00Z","Interval":"5min","Figi":"BBG000BKYDP9"}
{"o":31.24,"c":31.25,"h":31.25,"l":31.16,"v":5880.0,"Time":"2020-11-24T16:45:00Z","Interval":"5min","Figi":"BBG000BKYDP9"}
{"o":31.25,"c":31.25,"h":31.25,"l":31.25,"v":399.0,"Time":"2020-11-24T16:50:00Z","Interval":"5min","Figi":"BBG000BKYDP9"}
{"o":31.25,"c":31.25,"h":31.25,"l":31.25,"v":501.0,"Time":"2020-11-24T16:50:00Z","Interval":"5min","Figi":"BBG000BKYDP9"}
{"o":31.25,"c":31.26,"h":31.26,"l":31.25,"v":503.0,"Time":"2020-11-24T16:50:00Z","Interval":"5min","Figi":"BBG000BKYDP9"}
{"o":31.25,"c":31.26,"h":31.26,"l":31.25,"v":637.0,"Time":"2020-11-24T16:50:00Z","Interval":"5min","Figi":"BBG000BKYDP9"}
{"o":31.25,"c":31.27,"h":31.27,"l":31.25,"v":668.0,"Time":"2020-11-24T16:50:00Z","Interval":"5min","Figi":"BBG000BKYDP9"}
{"o":31.25,"c":31.27,"h":31.27,"l":31.25,"v":898.0,"Time":"2020-11-24T16:50:00Z","Interval":"5min","Figi":"BBG000BKYDP9"}
{"o":31.25,"c":31.27,"h":31.27,"l":31.25,"v":941.0,"Time":"2020-11-24T16:50:00Z","Interval":"5min","Figi":"BBG000BKYDP9"}
{"o":31.25,"c":31.27,"h":31.27,"l":31.25,"v":1195.0,"Time":"2020-11-24T16:50:00Z","Interval":"5min","Figi":"BBG000BKYDP9"}
{"o":31.25,"c":31.28,"h":31.28,"l":31.25,"v":1196.0,"Time":"2020-11-24T16:50:00Z","Interval":"5min","Figi":"BBG000BKYDP9"}
{"o":31.25,"c":31.29,"h":31.29,"l":31.25,"v":1290.0,"Time":"2020-11-24T16:50:00Z","Interval":"5min","Figi":"BBG000BKYDP9"}
{"o":31.25,"c":31.29,"h":31.29,"l":31.25,"v":1395.0,"Time":"2020-11-24T16:50:00Z","Interval":"5min","Figi":"BBG000BKYDP9"}
{"o":31.25,"c":31.3,"h":31.3,"l":31.25,"v":1421.0,"Time":"2020-11-24T16:50:00Z","Interval":"5min","Figi":"BBG000BKYDP9"}
{"o":31.25,"c":31.31,"h":31.31,"l":31.25,"v":1607.0,"Time":"2020-11-24T16:50:00Z","Interval":"5min","Figi":"BBG000BKYDP9"}
{"o":31.25,"c":31.31,"h":31.31,"l":31.25,"v":1630.0,"Time":"2020-11-24T16:50:00Z","Interval":"5min","Figi":"BBG000BKYDP9"}
{"o":31.25,"c":31.31,"h":31.31,"l":31.25,"v":1824.0,"Time":"2020-11-24T16:50:00Z","Interval":"5min","Figi":"BBG000BKYDP9"}
{"o":31.25,"c":31.3,"h":31.31,"l":31.25,"v":2044.0,"Time":"2020-11-24T16:50:00Z","Interval":"5min","Figi":"BBG000BKYDP9"}
{"o":31.25,"c":31.3,"h":31.31,"l":31.25,"v":2226.0,"Time":"2020-11-24T16:50:00Z","Interval":"5min","Figi":"BBG000BKYDP9"}
{"o":31.25,"c":31.3,"h":31.31,"l":31.25,"v":2227.0,"Time":"2020-11-24T16:50:00Z","Interval":"5min","Figi":"BBG000BKYDP9"}
{"o":31.25,"c":31.3,"h":31.31,"l":31.25,"v":2236.0,"Time":"2020-11-24T16:50:00Z","Interval":"5min","Figi":"BBG000BKYDP9"}
{"o":31.25,"c":31.3,"h":31.31,"l":31.25,"v":2327.0,"Time":"2020-11-24T16:50:00Z","Interval":"5min","Figi":"BBG000BKYDP9"}
{"o":31.25,"c":31.3,"h":31.31,"l":31.25,"v":2327.0,"Time":"2020-11-24T16:50:00Z","Interval":"5min","Figi":"BBG000BKYDP9"}
{"o":31.25,"c":31.31,"h":31.31,"l":31.25,"v":2360.0,"Time":"2020-11-24T16:50:00Z","Interval":"5min","Figi":"BBG000BKYDP9"}
{"o":31.25,"c":31.31,"h":31.31,"l":31.25,"v":2658.0,"Time":"2020-11-24T16:50:00Z","Interval":"5min","Figi":"BBG000BKYDP9"}
{"o":31.25,"c":31.32,"h":31.32,"l":31.25,"v":2659.0,"Time":"2020-11-24T16:50:00Z","Interval":"5min","Figi":"BBG000BKYDP9"}
{"o":31.25,"c":31.32,"h":31.32,"l":31.25,"v":2953.0,"Time":"2020-11-24T16:50:00Z","Interval":"5min","Figi":"BBG000BKYDP9"}
{"o":31.25,"c":31.32,"h":31.32,"l":31.25,"v":3137.0,"Time":"2020-11-24T16:50:00Z","Interval":"5min","Figi":"BBG000BKYDP9"}
{"o":31.25,"c":31.31,"h":31.32,"l":31.25,"v":3437.0,"Time":"2020-11-24T16:50:00Z","Interval":"5min","Figi":"BBG000BKYDP9"}
{"o":31.25,"c":31.3,"h":31.32,"l":31.25,"v":3585.0,"Time":"2020-11-24T16:50:00Z","Interval":"5min","Figi":"BBG000BKYDP9"}
{"o":31.25,"c":31.29,"h":31.32,"l":31.25,"v":3789.0,"Time":"2020-11-24T16:50:00Z","Interval":"5min","Figi":"BBG000BKYDP9"}
{"o":31.25,"c":31.29,"h":31.32,"l":31.25,"v":3790.0,"Time":"2020-11-24T16:50:00Z","Interval":"5min","Figi":"BBG000BKYDP9"}
{"o":31.25,"c":31.29,"h":31.32,"l":31.25,"v":3990.0,"Time":"2020-11-24T16:50:00Z","Interval":"5min","Figi":"BBG000BKYDP9"}
{"o":31.25,"c":31.3,"h":31.32,"l":31.25,"v":3995.0,"Time":"2020-11-24T16:50:00Z","Interval":"5min","Figi":"BBG000BKYDP9"}
{"o":31.25,"c":31.31,"h":31.32,"l":31.25,"v":4095.0,"Time":"2020-11-24T16:50:00Z","Interval":"5min","Figi":"BBG000BKYDP9"}
{"o":31.25,"c":31.32,"h":31.32,"l":31.25,"v":4096.0,"Time":"2020-11-24T16:50:00Z","Interval":"5min","Figi":"BBG000BKYDP9"}
{"o":31.25,"c":31.33,"h":31.33,"l":31.25,"v":4213.0,"Time":"2020-11-24T16:50:00Z","Interval":"5min","Figi":"BBG000BKYDP9"}
{"o":31.25,"c":31.33,"h":31.33,"l":31.25,"v":4548.0,"Time":"2020-11-24T16:50:00Z","Interval":"5min","Figi":"BBG000BKYDP9"}
{"o":31.25,"c":31.32,"h":31.33,"l":31.25,"v":4648.0,"Time":"2020-11-24T16:50:00Z","Interval":"5min","Figi":"BBG000BKYDP9"}
{"o":31.25,"c":31.32,"h":31.33,"l":31.25,"v":4748.0,"Time":"2020-11-24T16:50:00Z","Interval":"5min","Figi":"BBG000BKYDP9"}
{"o":31.25,"c":31.32,"h":31.33,"l":31.25,"v":4748.0,"Time":"2020-11-24T16:50:00Z","Interval":"5min","Figi":"BBG000BKYDP9"}
{"o":31.25,"c":31.32,"h":31.33,"l":31.25,"v":4948.0,"Time":"2020-11-24T16:50:00Z","Interval":"5min","Figi":"BBG000BKYDP9"}
{"o":31.32,"c":31.32,"h":31.32,"l":31.32,"v":100.0,"Time":"2020-11-24T16:55:00Z","Interval":"5min","Figi":"BBG000BKYDP9"}
{"o":31.32,"c":31.32,"h":31.32,"l":31.32,"v":101.0,"Time":"2020-11-24T16:55:00Z","Interval":"5min","Figi":"BBG000BKYDP9"}
{"o":31.32,"c":31.34,"h":31.34,"l":31.32,"v":104.0,"Time":"2020-11-24T16:55:00Z","Interval":"5min","Figi":"BBG000BKYDP9"}
{"o":31.32,"c":31.35,"h":31.35,"l":31.32,"v":107.0,"Time":"2020-11-24T16:55:00Z","Interval":"5min","Figi":"BBG000BKYDP9"}
{"o":31.32,"c":31.35,"h":31.35,"l":31.32,"v":423.0,"Time":"2020-11-24T16:55:00Z","Interval":"5min","Figi":"BBG000BKYDP9"}
{"o":31.32,"c":31.34,"h":31.35,"l":31.32,"v":704.0,"Time":"2020-11-24T16:55:00Z","Interval":"5min","Figi":"BBG000BKYDP9"}
{"o":31.32,"c":31.33,"h":31.35,"l":31.32,"v":904.0,"Time":"2020-11-24T16:55:00Z","Interval":"5min","Figi":"BBG000BKYDP9"}
{"o":31.32,"c":31.32,"h":31.35,"l":31.32,"v":911.0,"Time":"2020-11-24T16:55:00Z","Interval":"5min","Figi":"BBG000BKYDP9"}
{"o":31.32,"c":31.32,"h":31.35,"l":31.32,"v":1139.0,"Time":"2020-11-24T16:55:00Z","Interval":"5min","Figi":"BBG000BKYDP9"}
{"o":31.32,"c":31.32,"h":31.35,"l":31.32,"v":1239.0,"Time":"2020-11-24T16:55:00Z","Interval":"5min","Figi":"BBG000BKYDP9"}
{"o":31.32,"c":31.32,"h":31.35,"l":31.32,"v":1244.0,"Time":"2020-11-24T16:55:00Z","Interval":"5min","Figi":"BBG000BKYDP9"}
{"o":31.32,"c":31.32,"h":31.35,"l":31.32,"v":1345.0,"Time":"2020-11-24T16:55:00Z","Interval":"5min","Figi":"BBG000BKYDP9"}
{"o":31.32,"c":31.32,"h":31.35,"l":31.32,"v":1445.0,"Time":"2020-11-24T16:55:00Z","Interval":"5min","Figi":"BBG000BKYDP9"}
{"o":31.32,"c":31.33,"h":31.35,"l":31.32,"v":1645.0,"Time":"2020-11-24T16:55:00Z","Interval":"5min","Figi":"BBG000BKYDP9"}
{"o":31.32,"c":31.33,"h":31.35,"l":31.32,"v":1776.0,"Time":"2020-11-24T16:55:00Z","Interval":"5min","Figi":"BBG000BKYDP9"}
{"o":31.32,"c":31.33,"h":31.35,"l":31.32,"v":1791.0,"Time":"2020-11-24T16:55:00Z","Interval":"5min","Figi":"BBG000BKYDP9"}
{"o":31.32,"c":31.33,"h":31.35,"l":31.32,"v":1794.0,"Time":"2020-11-24T16:55:00Z","Interval":"5min","Figi":"BBG000BKYDP9"}
{"o":31.32,"c":31.33,"h":31.35,"l":31.32,"v":2005.0,"Time":"2020-11-24T16:55:00Z","Interval":"5min","Figi":"BBG000BKYDP9"}
{"o":31.32,"c":31.32,"h":31.35,"l":31.32,"v":2025.0,"Time":"2020-11-24T16:55:00Z","Interval":"5min","Figi":"BBG000BKYDP9"}
{"o":31.32,"c":31.32,"h":31.35,"l":31.32,"v":2232.0,"Time":"2020-11-24T16:55:00Z","Interval":"5min","Figi":"BBG000BKYDP9"}
{"o":31.32,"c":31.31,"h":31.35,"l":31.31,"v":2337.0,"Time":"2020-11-24T16:55:00Z","Interval":"5min","Figi":"BBG000BKYDP9"}
{"o":31.32,"c":31.31,"h":31.35,"l":31.31,"v":2538.0,"Time":"2020-11-24T16:55:00Z","Interval":"5min","Figi":"BBG000BKYDP9"}
{"o":31.32,"c":31.31,"h":31.35,"l":31.31,"v":2563.0,"Time":"2020-11-24T16:55:00Z","Interval":"5min","Figi":"BBG000BKYDP9"}
{"o":31.32,"c":31.3,"h":31.35,"l":31.3,"v":2910.0,"Time":"2020-11-24T16:55:00Z","Interval":"5min","Figi":"BBG000BKYDP9"}
{"o":31.32,"c":31.3,"h":31.35,"l":31.3,"v":3010.0,"Time":"2020-11-24T16:55:00Z","Interval":"5min","Figi":"BBG000BKYDP9"}
{"o":31.32,"c":31.29,"h":31.35,"l":31.29,"v":3110.0,"Time":"2020-11-24T16:55:00Z","Interval":"5min","Figi":"BBG000BKYDP9"}
{"o":31.32,"c":31.29,"h":31.35,"l":31.29,"v":3210.0,"Time":"2020-11-24T16:55:00Z","Interval":"5min","Figi":"BBG000BKYDP9"}
{"o":31.32,"c":31.29,"h":31.35,"l":31.29,"v":3211.0,"Time":"2020-11-24T16:55:00Z","Interval":"5min","Figi":"BBG000BKYDP9"}
{"o":31.32,"c":31.3,"h":31.35,"l":31.29,"v":3217.0,"Time":"2020-11-24T16:55:00Z","Interval":"5min","Figi":"BBG000BKYDP9"}
{"o":31.32,"c":31.3,"h":31.35,"l":31.29,"v":3322.0,"Time":"2020-11-24T16:55:00Z","Interval":"5min","Figi":"BBG000BKYDP9"}
{"o":31.32,"c":31.3,"h":31.35,"l":31.29,"v":3523.0,"Time":"2020-11-24T16:55:00Z","Interval":"5min","Figi":"BBG000BKYDP9"}
{"o":31.32,"c":31.31,"h":31.35,"l":31.29,"v":3964.0,"Time":"2020-11-24T16:55:00Z","Interval":"5min","Figi":"BBG000BKYDP9"}
{"o":31.32,"c":31.32,"h":31.35,"l":31.29,"v":3965.0,"Time":"2020-11-24T16:55:00Z","Interval":"5min","Figi":"BBG000BKYDP9"}
{"o":31.32,"c":31.32,"h":31.35,"l":31.29,"v":3969.0,"Time":"2020-11-24T16:55:00Z","Interval":"5min","Figi":"BBG000BKYDP9"}
{"o":31.32,"c":31.33,"h":31.35,"l":31.29,"v":4069.0,"Time":"2020-11-24T16:55:00Z","Interval":"5min","Figi":"BBG000BKYDP9"}
{"o":31.32,"c":31.33,"h":31.35,"l":31.29,"v":4272.0,"Time":"2020-11-24T16:55:00Z","Interval":"5min","Figi":"BBG000BKYDP9"}
{"o":31.32,"c":31.33,"h":31.35,"l":31.29,"v":4273.0,"Time":"2020-11-24T16:55:00Z","Interval":"5min","Figi":"BBG000BKYDP9"}
{"o":31.32,"c":31.33,"h":31.35,"l":31.29,"v":4772.0,"Time":"2020-11-24T16:55:00Z","Interval":"5min","Figi":"BBG000BKYDP9"}
{"o":31.32,"c":31.33,"h":31.35,"l":31.29,"v":4792.0,"Time":"2020-11-24T16:55:00Z","Interval":"5min","Figi":"BBG000BKYDP9"}
{"o":31.32,"c":31.32,"h":31.35,"l":31.29,"v":4887.0,"Time":"2020-11-24T16:55:00Z","Interval":"5min","Figi":"BBG000BKYDP9"}
{"o":31.34,"c":31.34,"h":31.34,"l":31.34,"v":10.0,"Time":"2020-11-24T17:00:00Z","Interval":"5min","Figi":"BBG000BKYDP9"}
{"o":31.34,"c":31.34,"h":31.34,"l":31.34,"v":17.0,"Time":"2020-11-24T17:00:00Z","Interval":"5min","Figi":"BBG000BKYDP9"}
{"o":31.34,"c":31.34,"h":31.34,"l":31.34,"v":24.0,"Time":"2020-11-24T17:00:00Z","Interval":"5min","Figi":"BBG000BKYDP9"}
{"o":31.34,"c":31.35,"h":31.35,"l":31.34,"v":25.0,"Time":"2020-11-24T17:00:00Z","Interval":"5min","Figi":"BBG000BKYDP9"}
{"o":31.34,"c":31.35,"h":31.35,"l":31.34,"v":567.0,"Time":"2020-11-24T17:00:00Z","Interval":"5min","Figi":"BBG000BKYDP9"}
{"o":31.34,"c":31.35,"h":31.35,"l":31.34,"v":567.0,"Time":"2020-11-24T17:00:00Z","Interval":"5min","Figi":"BBG000BKYDP9"}
{"o":31.34,"c":31.35,"h":31.35,"l":31.34,"v":994.0,"Time":"2020-11-24T17:00:00Z","Interval":"5min","Figi":"BBG000BKYDP9"}
{"o":31.34,"c":31.34,"h":31.35,"l":31.34,"v":1098.0,"Time":"2020-11-24T17:00:00Z","Interval":"5min","Figi":"BBG000BKYDP9"}
{"o":31.34,"c":31.33,"h":31.35,"l":31.33,"v":1298.0,"Time":"2020-11-24T17:00:00Z","Interval":"5min","Figi":"BBG000BKYDP9"}
{"o":31.34,"c":31.33,"h":31.35,"l":31.33,"v":1398.0,"Time":"2020-11-24T17:00:00Z","Interval":"5min","Figi":"BBG000BKYDP9"}
{"o":31.34,"c":31.33,"h":31.35,"l":31.33,"v":1402.0,"Time":"2020-11-24T17:00:00Z","Interval":"5min","Figi":"BBG000BKYDP9"}
{"o":31.34,"c":31.32,"h":31.35,"l":31.32,"v":1502.0,"Time":"2020-11-24T17:00:00Z","Interval":"5min","Figi":"BBG000BKYDP9"}
{"o":31.34,"c":31.31,"h":31.35,"l":31.31,"v":1506.0,"Time":"2020-11-24T17:00:00Z","Interval":"5min","Figi":"BBG000BKYDP9"}
{"o":31.34,"c":31.31,"h":31.35,"l":31.31,"v":1647.0,"Time":"2020-11-24T17:00:00Z","Interval":"5min","Figi":"BBG000BKYDP9"}
{"o":31.34,"c":31.31,"h":31.35,"l":31.31,"v":1647.0,"Time":"2020-11-24T17:00:00Z","Interval":"5min","Figi":"BBG000BKYDP9"}
{"o":31.34,"c":31.3,"h":31.35,"l":31.3,"v":2104.0,"Time":"2020-11-24T17:00:00Z","Interval":"5min","Figi":"BBG000BKYDP9"}
{"o":31.34,"c":31.3,"h":31.35,"l":31.3,"v":2469.0,"Time":"2020-11-24T17:00:00Z","Interval":"5min","Figi":"BBG000BKYDP9"}
{"o":31.34,"c":31.29,"h":31.35,"l":31.29,"v":2876.0,"Time":"2020-11-24T17:00:00Z","Interval":"5min","Figi":"BBG000BKYDP9"}
{"o":31.34,"c":31.29,"h":31.35,"l":31.29,"v":3076.0,"Time":"2020-11-24T17:00:00Z","Interval":"5min","Figi":"BBG000BKYDP9"}
{"o":31.34,"c":31.28,"h":31.35,"l":31.28,"v":3088.0,"Time":"2020-11-24T17:00:00Z","Interval":"5min","Figi":"BBG000BKYDP9"}
{"o":31.34,"c":31.29,"h":31.35,"l":31.28,"v":3489.0,"Time":"2020-11-24T17:00:00Z","Interval":"5min","Figi":"BBG000BKYDP9"}
{"o":31.34,"c":31.3,"h":31.35,"l":31.28,"v":3600.0,"Time":"2020-11-24T17:00:00Z","Interval":"5min","Figi":"BBG000BKYDP9"}
{"o":31.34,"c":31.3,"h":31.35,"l":31.28,"v":3736.0,"Time":"2020-11-24T17:00:00Z","Interval":"5min","Figi":"BBG000BKYDP9"}
{"o":31.34,"c":31.31,"h":31.35,"l":31.28,"v":3836.0,"Time":"2020-11-24T17:00:00Z","Interval":"5min","Figi":"BBG000BKYDP9"}
{"o":31.32,"c":31.33,"h":31.33,"l":31.32,"v":339.0,"Time":"2020-11-24T17:10:00Z","Interval":"5min","Figi":"BBG000BKYDP9"}
{"o":31.32,"c":31.33,"h":31.33,"l":31.32,"v":439.0,"Time":"2020-11-24T17:10:00Z","Interval":"5min","Figi":"BBG000BKYDP9"}
{"o":31.32,"c":31.32,"h":31.33,"l":31.32,"v":795.0,"Time":"2020-11-24T17:10:00Z","Interval":"5min","Figi":"BBG000BKYDP9"}
{"o":31.32,"c":31.31,"h":31.33,"l":31.31,"v":895.0,"Time":"2020-11-24T17:10:00Z","Interval":"5min","Figi":"BBG000BKYDP9"}
{"o":31.32,"c":31.31,"h":31.33,"l":31.31,"v":899.0,"Time":"2020-11-24T17:10:00Z","Interval":"5min","Figi":"BBG000BKYDP9"}
{"o":31.32,"c":31.31,"h":31.33,"l":31.31,"v":1000.0,"Time":"2020-11-24T17:10:00Z","Interval":"5min","Figi":"BBG000BKYDP9"}
{"o":31.32,"c":31.3,"h":31.33,"l":31.3,"v":1245.0,"Time":"2020-11-24T17:10:00Z","Interval":"5min","Figi":"BBG000BKYDP9"}
{"o":31.32,"c":31.3,"h":31.33,"l":31.3,"v":1254.0,"Time":"2020-11-24T17:10:00Z","Interval":"5min","Figi":"BBG000BKYDP9"}
{"o":31.32,"c":31.31,"h":31.33,"l":31.3,"v":1401.0,"Time":"2020-11-24T17:10:00Z","Interval":"5min","Figi":"BBG000BKYDP9"}
{"o":31.32,"c":31.31,"h":31.33,"l":31.3,"v":1801.0,"Time":"2020-11-24T17:10:00Z","Interval":"5min","Figi":"BBG000BKYDP9"}
{"o":31.32,"c":31.31,"h":31.33,"l":31.3,"v":1808.0,"Time":"2020-11-24T17:10:00Z","Interval":"5min","Figi":"BBG000BKYDP9"}
{"o":31.32,"c":31.31,"h":31.33,"l":31.3,"v":1809.0,"Time":"2020-11-24T17:10:00Z","Interval":"5min","Figi":"BBG000BKYDP9"}
{"o":31.32,"c":31.31,"h":31.33,"l":31.3,"v":1810.0,"Time":"2020-11-24T17:10:00Z","Interval":"5min","Figi":"BBG000BKYDP9"}
{"o":31.32,"c":31.31,"h":31.33,"l":31.3,"v":2015.0,"Time":"2020-11-24T17:10:00Z","Interval":"5min","Figi":"BBG000BKYDP9"}
{"o":31.32,"c":31.31,"h":31.33,"l":31.3,"v":2156.0,"Time":"2020-11-24T17:10:00Z","Interval":"5min","Figi":"BBG000BKYDP9"}
{"o":31.33,"c":31.31,"h":31.35,"l":31.31,"v":2303.0,"Time":"2020-11-24T17:15:00Z","Interval":"5min","Figi":"BBG000BKYDP9"}
{"o":31.33,"c":31.31,"h":31.35,"l":31.31,"v":2485.0,"Time":"2020-11-24T17:15:00Z","Interval":"5min","Figi":"BBG000BKYDP9"}
{"o":31.13,"c":31.12,"h":31.13,"l":31.11,"v":6397.0,"Time":"2020-11-24T17:50:00Z","Interval":"5min","Figi":"BBG000BKYDP9"}
{"o":31.11,"c":31.11,"h":31.11,"l":31.11,"v":462.0,"Time":"2020-11-24T17:55:00Z","Interval":"5min","Figi":"BBG000BKYDP9"}
{"o":31.11,"c":31.1,"h":31.11,"l":31.1,"v":862.0,"Time":"2020-11-24T17:55:00Z","Interval":"5min","Figi":"BBG000BKYDP9"}
{"o":31.11,"c":31.1,"h":31.11,"l":31.1,"v":962.0,"Time":"2020-11-24T17:55:00Z","Interval":"5min","Figi":"BBG000BKYDP9"}
{"o":31.11,"c":31.1,"h":31.11,"l":31.1,"v":1062.0,"Time":"2020-11-24T17:55:00Z","Interval":"5min","Figi":"BBG000BKYDP9"}
{"o":31.11,"c":31.1,"h":31.11,"l":31.1,"v":1063.0,"Time":"2020-11-24T17:55:00Z","Interval":"5min","Figi":"BBG000BKYDP9"}
{"o":31.11,"c":31.11,"h":31.11,"l":31.1,"v":1087.0,"Time":"2020-11-24T17:55:00Z","Interval":"5min","Figi":"BBG000BKYDP9"}
{"o":31.11,"c":31.1,"h":31.11,"l":31.1,"v":1187.0,"Time":"2020-11-24T17:55:00Z","Interval":"5min","Figi":"BBG000BKYDP9"}
{"o":31.11,"c":31.1,"h":31.11,"l":31.1,"v":1292.0,"Time":"2020-11-24T17:55:00Z","Interval":"5min","Figi":"BBG000BKYDP9"}
{"o":31.11,"c":31.1,"h":31.11,"l":31.1,"v":1392.0,"Time":"2020-11-24T17:55:00Z","Interval":"5min","Figi":"BBG000BKYDP9"}
{"o":31.11,"c":31.11,"h":31.11,"l":31.1,"v":1593.0,"Time":"2020-11-24T17:55:00Z","Interval":"5min","Figi":"BBG000BKYDP9"}
{"o":31.19,"c":31.2,"h":31.2,"l":31.19,"v":1192.0,"Time":"2020-11-24T18:10:00Z","Interval":"5min","Figi":"BBG000BKYDP9"}
{"o":31.19,"c":31.21,"h":31.21,"l":31.19,"v":1495.0,"Time":"2020-11-24T18:10:00Z","Interval":"5min","Figi":"BBG000BKYDP9"}
{"o":31.19,"c":31.21,"h":31.21,"l":31.19,"v":1496.0,"Time":"2020-11-24T18:10:00Z","Interval":"5min","Figi":"BBG000BKYDP9"}
